8.451709e-01 9.426187e-01 9.536252e-01 8.814056e-01 9.705563e-01 9.337696e-01 9.031797e-01 9.068273e-01 9.608284e-01 5.282268e-01
9.086495e-01 9.577982e-01 9.797768e-01 9.355755e-01 9.840499e-01 9.663102e-01 9.385737e-01 9.388509e-01 9.804111e-01 5.289053e-01
9.415504e-01 9.659973e-01 9.854494e-01 9.467176e-01 9.898161e-01 9.762295e-01 9.530680e-01 9.503487e-01 9.859433e-01 5.295597e-01
9.530903e-01 9.723666e-01 9.879185e-01 9.513261e-01 9.908828e-01 9.818436e-01 9.580372e-01 9.609130e-01 9.900378e-01 5.301669e-01
9.596434e-01 9.779021e-01 9.897168e-01 9.539075e-01 9.932053e-01 9.844729e-01 9.658579e-01 9.684672e-01 9.934194e-01 5.308804e-01
9.721393e-01 9.815451e-01 9.898021e-01 9.570962e-01 9.942511e-01 9.861516e-01 9.653097e-01 9.722802e-01 9.945982e-01 5.315436e-01
9.724196e-01 9.846266e-01 9.925117e-01 9.614357e-01 9.953632e-01 9.897015e-01 9.734177e-01 9.766412e-01 9.952767e-01 5.323246e-01
9.769497e-01 9.875562e-01 9.915470e-01 9.629060e-01 9.968304e-01 9.918960e-01 9.743970e-01 9.797192e-01 9.968276e-01 5.330520e-01
9.817052e-01 9.909370e-01 9.914894e-01 9.695271e-01 9.964344e-01 9.926332e-01 9.774194e-01 9.827200e-01 9.970297e-01 5.339105e-01
9.821494e-01 9.916535e-01 9.932998e-01 9.685817e-01 9.968386e-01 9.923077e-01 9.816764e-01 9.868637e-01 9.973875e-01 5.347120e-01
