3.818667e-01 7.949802e-01 8.993377e-01 3.030096e-01 9.179775e-01 3.371429e-01 5.062257e-01 8.603829e-01 5.492473e-01 5.141487e-01
3.931880e-01 8.090418e-01 9.184032e-01 3.048815e-01 9.279370e-01 3.344828e-01 5.288742e-01 8.709774e-01 5.628571e-01 5.702206e-01
3.901389e-01 8.193103e-01 9.210235e-01 3.028531e-01 9.301170e-01 3.372629e-01 5.253045e-01 8.783410e-01 5.768539e-01 6.780000e-01
3.938920e-01 8.180028e-01 9.263752e-01 3.096070e-01 9.311377e-01 3.422438e-01 5.485477e-01 8.945055e-01 5.688787e-01 8.287724e-01
4.011628e-01 8.279137e-01 9.334776e-01 3.134128e-01 9.331804e-01 3.457507e-01 5.519095e-01 9.000000e-01 5.669789e-01 8.695822e-01
4.091988e-01 8.300442e-01 9.353028e-01 3.222222e-01 9.348437e-01 3.530435e-01 5.578871e-01 8.996716e-01 5.635492e-01 9.006684e-01
4.183891e-01 8.189474e-01 9.378582e-01 3.166927e-01 9.423323e-01 3.562130e-01 5.630724e-01 9.005042e-01 5.653563e-01 8.856557e-01
4.244548e-01 8.274268e-01 9.426584e-01 3.451356e-01 9.459016e-01 3.606061e-01 5.656581e-01 9.149742e-01 5.586466e-01 8.378151e-01
4.342357e-01 8.303318e-01 9.407290e-01 3.464812e-01 9.484899e-01 3.659938e-01 5.790698e-01 9.130511e-01 5.613811e-01 8.429799e-01
4.423203e-01 8.304700e-01 9.461912e-01 3.512563e-01 9.479381e-01 3.718153e-01 5.790143e-01 9.155515e-01 5.715026e-01 8.864706e-01
