6.884101e-01 8.806162e-01 9.281806e-01 6.872621e-01 9.440977e-01 7.789267e-01 7.041335e-01 8.969210e-01 8.938462e-01 4.921592e-01
8.371775e-01 9.297510e-01 9.493724e-01 8.596413e-01 9.603329e-01 9.094920e-01 8.529984e-01 9.227086e-01 9.562273e-01 4.847478e-01
9.088372e-01 9.451138e-01 9.554922e-01 9.196947e-01 9.695898e-01 9.557377e-01 9.140962e-01 9.133891e-01 9.676942e-01 4.879245e-01
9.158479e-01 9.578659e-01 9.615721e-01 9.218409e-01 9.761216e-01 9.635475e-01 9.270728e-01 9.366619e-01 9.813367e-01 4.880616e-01
9.299838e-01 9.641958e-01 9.637854e-01 9.357257e-01 9.813885e-01 9.623932e-01 9.502600e-01 9.553285e-01 9.858065e-01 4.909330e-01
9.540630e-01 9.675250e-01 9.695586e-01 9.406199e-01 9.813918e-01 9.715743e-01 9.532743e-01 9.566319e-01 9.872200e-01 4.877852e-01
9.536379e-01 9.698389e-01 9.725429e-01 9.437396e-01 9.871716e-01 9.759701e-01 9.591320e-01 9.593893e-01 9.883941e-01 4.913343e-01
9.603120e-01 9.769115e-01 9.754386e-01 9.504274e-01 9.895404e-01 9.788991e-01 9.584416e-01 9.652106e-01 9.906207e-01 4.929677e-01
9.619893e-01 9.794163e-01 9.821604e-01 9.504378e-01 9.899514e-01 9.824451e-01 9.546490e-01 9.702400e-01 9.905233e-01 4.930736e-01
9.653916e-01 9.818898e-01 9.783920e-01 9.547576e-01 9.873544e-01 9.782051e-01 9.619883e-01 9.765189e-01 9.891147e-01 4.918759e-01
