5.075780e-01 7.888318e-01 8.804378e-01 4.489019e-01 9.341927e-01 4.327225e-01 4.368839e-01 8.728246e-01 5.687574e-01 4.850422e-01
5.657056e-01 8.294889e-01 8.933054e-01 5.203288e-01 9.395284e-01 5.145722e-01 4.956240e-01 8.920657e-01 6.116082e-01 4.801968e-01
6.187597e-01 8.579652e-01 9.017118e-01 5.691603e-01 9.495050e-01 5.732240e-01 5.683250e-01 9.008368e-01 6.463625e-01 4.742138e-01
6.648177e-01 8.793434e-01 9.071325e-01 6.202808e-01 9.542692e-01 6.131285e-01 6.103215e-01 9.115549e-01 6.707440e-01 4.676508e-01
6.991896e-01 8.888112e-01 9.149031e-01 6.572568e-01 9.608567e-01 6.482906e-01 6.388215e-01 9.192701e-01 7.000000e-01 4.643890e-01
7.374793e-01 8.962804e-01 9.181126e-01 6.877651e-01 9.642965e-01 6.829446e-01 6.621239e-01 9.245902e-01 7.176548e-01 4.593289e-01
7.568528e-01 9.058565e-01 9.235569e-01 7.051753e-01 9.695518e-01 7.108955e-01 6.905967e-01 9.254962e-01 7.400810e-01 4.555708e-01
7.724437e-01 9.172414e-01 9.272727e-01 7.312821e-01 9.754358e-01 7.340979e-01 7.163265e-01 9.335413e-01 7.616552e-01 4.517581e-01
7.907638e-01 9.201229e-01 9.315876e-01 7.406305e-01 9.756888e-01 7.559561e-01 7.261860e-01 9.380800e-01 7.804809e-01 4.458874e-01
8.112933e-01 9.269291e-01 9.308208e-01 7.536804e-01 9.765391e-01 7.717949e-01 7.415205e-01 9.402299e-01 7.959361e-01 4.412112e-01
