1.015787e-02 1.383968e-02 1.677472e-02 1.340699e-02 5.299989e-03 1.407399e-02 1.341707e-02 1.298699e-02 1.710185e-02 2.510437e-02
1.173878e-02 1.119783e-02 8.074982e-03 1.292188e-02 1.183228e-02 1.018374e-02 2.812223e-02 2.001526e-02 1.126896e-02 3.306122e-02
1.021471e-02 1.080802e-02 1.161249e-02 9.157634e-03 8.644296e-03 1.287548e-02 9.093531e-03 1.695006e-02 1.180791e-02 1.981319e-02
9.074248e-03 1.148148e-02 1.008832e-02 1.426269e-02 7.333802e-03 1.344917e-02 2.598069e-02 1.393200e-02 1.694600e-02 7.250414e-02
1.168229e-02 1.456297e-02 1.021274e-02 1.561703e-02 1.198234e-02 1.210945e-02 1.375417e-02 1.539676e-02 1.583007e-02 4.494901e-02
1.109887e-02 1.296024e-02 1.136123e-02 2.298326e-02 1.158886e-02 5.694749e-03 1.052070e-02 1.678495e-02 1.633514e-02 2.277480e-02
1.289646e-02 1.425323e-02 1.126284e-02 1.133598e-02 8.283637e-03 1.186756e-02 1.016523e-02 1.425702e-02 1.387500e-02 5.072723e-02
1.223014e-02 1.355582e-02 8.220764e-03 1.660838e-02 9.156879e-03 1.034306e-02 1.022608e-02 5.614288e-03 1.060064e-02 4.082243e-02
1.560266e-02 1.406269e-02 8.331816e-03 2.463760e-02 1.145495e-02 1.499151e-02 1.453152e-02 1.227113e-02 9.855677e-03 2.096004e-02
1.007390e-02 1.247448e-02 6.434176e-03 1.957794e-02 1.045289e-02 1.532721e-02 1.291189e-02 8.860759e-03 1.572434e-02 1.947405e-02
