2.553992e-02 3.262839e-02 1.151389e-02 3.314369e-02 8.101441e-03 4.284805e-02 2.808911e-02 8.338641e-03 1.906171e-02 2.050663e-03
3.133306e-02 3.001540e-02 1.170635e-02 3.487939e-02 7.923915e-03 3.158845e-02 3.339522e-02 1.963863e-02 2.101209e-02 4.086900e-03
3.249496e-02 2.467293e-02 1.589097e-02 3.158350e-02 1.143938e-02 1.776166e-02 3.882900e-02 1.847596e-02 2.462266e-02 3.815283e-03
2.425551e-02 2.245170e-02 1.633652e-02 3.098364e-02 9.560142e-03 1.849702e-02 2.894390e-02 2.198899e-02 1.871648e-02 5.294375e-03
3.254593e-02 1.821675e-02 1.079731e-02 3.048255e-02 9.087497e-03 2.306153e-02 2.348593e-02 2.004896e-02 2.269831e-02 6.307490e-03
2.902914e-02 9.232734e-03 9.203176e-03 3.033731e-02 9.031656e-03 3.077321e-02 2.099342e-02 1.923832e-02 2.218804e-02 7.588346e-03
2.461391e-02 1.022901e-02 1.015839e-02 3.434524e-02 9.223202e-03 2.381568e-02 1.704909e-02 2.117464e-02 3.247402e-02 9.644318e-03
2.766511e-02 8.633391e-03 1.070364e-02 2.628035e-02 8.363407e-03 2.893466e-02 2.250105e-02 1.467122e-02 3.314825e-02 1.036979e-02
2.284056e-02 9.087680e-03 1.399896e-02 2.789431e-02 8.877189e-03 2.305781e-02 2.433064e-02 1.292043e-02 2.974874e-02 1.095161e-02
1.554578e-02 1.199748e-02 1.297590e-02 2.854296e-02 1.024207e-02 2.021011e-02 1.924205e-02 1.235789e-02 2.203229e-02 7.177271e-03
