4.022769e-02 1.332883e-02 3.600931e-02 2.959569e-02 1.780581e-02 2.234504e-02 4.772363e-02 1.408106e-02 1.616111e-02 3.618818e-04
3.629087e-02 1.582321e-02 5.264878e-03 1.032256e-02 5.416262e-03 1.047228e-02 1.335420e-02 1.405838e-02 1.038496e-02 1.110223e-16
1.289807e-02 1.134652e-02 4.679378e-03 1.210736e-02 5.434052e-03 6.997950e-03 9.264662e-03 1.183771e-02 1.177801e-02 1.110223e-16
1.812762e-02 1.048633e-02 3.056769e-03 6.864275e-03 3.939409e-03 7.949860e-03 7.929187e-03 9.160967e-03 7.121215e-03 1.110223e-16
1.627942e-02 8.479724e-03 4.290963e-03 8.083780e-03 2.658789e-03 6.904057e-03 7.105719e-03 8.517344e-03 4.411696e-03 1.110223e-16
1.292682e-02 9.369164e-03 4.253634e-03 8.415152e-03 2.602822e-03 6.688087e-03 5.880796e-03 7.427682e-03 1.375534e-03 1.110223e-16
1.070278e-02 8.391643e-03 3.871973e-03 9.338475e-03 2.292488e-03 3.917733e-03 6.472163e-03 5.673559e-03 1.835556e-03 1.110223e-16
8.597655e-03 8.019238e-03 3.777582e-03 9.671347e-03 2.651854e-03 3.211009e-03 8.035773e-03 8.880031e-03 1.241379e-03 1.110223e-16
6.357204e-03 5.765998e-03 3.088046e-03 1.015762e-02 3.889789e-03 3.437572e-03 8.115144e-03 7.699974e-03 1.606480e-03 1.110223e-16
7.889402e-03 5.636387e-03 3.513597e-03 1.116142e-02 3.108410e-03 4.347647e-03 4.790723e-03 6.231089e-03 1.563183e-03 1.110223e-16
