7.286910e-02 4.596281e-02 1.392731e-02 7.070757e-02 1.359292e-02 8.578732e-02 1.147947e-01 1.667728e-02 4.478332e-02 7.817540e-03
7.713383e-02 2.736144e-02 1.231845e-02 4.065907e-02 1.277512e-02 3.503618e-02 4.788227e-02 1.554038e-02 2.311293e-02 7.807430e-03
2.802559e-02 1.515735e-02 1.322605e-02 2.677812e-02 1.380426e-02 1.165934e-02 4.423107e-02 2.365610e-02 2.682151e-02 7.598359e-03
3.018965e-02 1.374540e-02 1.410059e-02 2.393006e-02 1.252039e-02 1.820417e-02 1.712984e-02 2.967190e-02 1.200038e-02 1.117333e-02
2.610155e-02 6.998599e-03 1.152562e-02 8.766128e-03 9.086296e-03 1.466891e-02 1.464548e-02 1.254456e-02 9.232797e-03 1.174155e-02
1.942565e-02 1.093368e-02 1.404929e-02 1.032254e-02 1.056946e-02 1.144570e-02 1.539314e-02 8.624522e-03 6.796427e-03 1.335823e-02
2.557400e-02 6.218671e-03 7.455727e-03 1.045374e-02 5.400743e-03 1.196732e-02 1.398848e-02 1.167115e-02 4.721419e-03 1.422579e-02
1.648635e-02 9.926804e-03 1.031640e-02 1.575991e-02 4.493644e-03 1.072082e-02 1.570323e-02 9.309534e-03 4.607805e-03 1.175476e-02
1.374002e-02 8.988472e-03 8.549891e-03 1.550778e-02 4.629775e-03 9.372988e-03 2.159273e-02 9.525041e-03 5.659476e-03 9.419385e-03
1.592115e-02 1.011436e-02 1.154321e-02 1.408621e-02 7.882010e-03 8.177789e-03 1.086209e-02 1.066818e-02 1.094324e-02 1.008334e-02
