8.457652e-01 9.423620e-01 9.534884e-01 8.809663e-01 9.706920e-01 9.335079e-01 9.015898e-01 9.070950e-01 9.608284e-01 5.277443e-01
9.086495e-01 9.572739e-01 9.796374e-01 9.349776e-01 9.841886e-01 9.663102e-01 9.379254e-01 9.398085e-01 9.801693e-01 5.289053e-01
9.409302e-01 9.659973e-01 9.854494e-01 9.473282e-01 9.896747e-01 9.763661e-01 9.535655e-01 9.513250e-01 9.864365e-01 5.295597e-01
9.530903e-01 9.737346e-01 9.877729e-01 9.505460e-01 9.908828e-01 9.818436e-01 9.590525e-01 9.604850e-01 9.900378e-01 5.297818e-01
9.593193e-01 9.776224e-01 9.895678e-01 9.534290e-01 9.926145e-01 9.834758e-01 9.649913e-01 9.702190e-01 9.931613e-01 5.308804e-01
9.714760e-01 9.818312e-01 9.893455e-01 9.574225e-01 9.942511e-01 9.867347e-01 9.669027e-01 9.736215e-01 9.945982e-01 5.315436e-01
9.729272e-01 9.841874e-01 9.920437e-01 9.597663e-01 9.950541e-01 9.898507e-01 9.734177e-01 9.766412e-01 9.948718e-01 5.323246e-01
9.774697e-01 9.878561e-01 9.918660e-01 9.634188e-01 9.968304e-01 9.912844e-01 9.740260e-01 9.797192e-01 9.971034e-01 5.330520e-01
9.809947e-01 9.904762e-01 9.918167e-01 9.705779e-01 9.965964e-01 9.934169e-01 9.787476e-01 9.833600e-01 9.966054e-01 5.339105e-01
9.814208e-01 9.924409e-01 9.939698e-01 9.700180e-01 9.968386e-01 9.921474e-01 9.812865e-01 9.860427e-01 9.972424e-01 5.347120e-01
