3.850667e-01 7.953765e-01 9.013245e-01 3.101231e-01 9.189607e-01 3.344156e-01 5.086900e-01 8.600884e-01 5.477419e-01 5.141487e-01
3.895095e-01 8.116059e-01 9.158322e-01 3.046025e-01 9.250716e-01 3.360743e-01 5.340397e-01 8.741353e-01 5.687912e-01 5.727941e-01
3.895833e-01 8.209655e-01 9.229599e-01 3.005706e-01 9.346491e-01 3.390244e-01 5.335589e-01 8.812596e-01 5.723596e-01 6.801250e-01
3.971591e-01 8.210970e-01 9.248237e-01 3.084425e-01 9.281437e-01 3.425208e-01 5.481328e-01 8.907378e-01 5.720824e-01 8.272379e-01
4.015988e-01 8.207194e-01 9.329004e-01 3.102832e-01 9.342508e-01 3.484419e-01 5.561528e-01 8.865169e-01 5.665105e-01 8.761097e-01
4.077151e-01 8.240059e-01 9.341211e-01 3.229833e-01 9.387500e-01 3.572464e-01 5.629522e-01 8.947455e-01 5.700240e-01 9.002674e-01
4.185410e-01 8.206015e-01 9.398190e-01 3.252730e-01 9.455272e-01 3.584320e-01 5.703102e-01 9.043697e-01 5.660934e-01 8.755464e-01
4.246106e-01 8.291217e-01 9.395672e-01 3.307815e-01 9.460656e-01 3.659091e-01 5.649017e-01 9.139415e-01 5.596491e-01 8.407563e-01
4.318471e-01 8.323855e-01 9.426307e-01 3.538462e-01 9.471477e-01 3.683230e-01 5.813953e-01 9.176367e-01 5.654731e-01 8.432665e-01
4.431373e-01 8.353323e-01 9.468395e-01 3.512563e-01 9.460481e-01 3.660828e-01 5.779014e-01 9.162749e-01 5.678756e-01 8.875000e-01
