5.043091e-01 7.878049e-01 8.803010e-01 4.502196e-01 9.345997e-01 4.366492e-01 4.348172e-01 8.729585e-01 5.676923e-01 4.843185e-01
5.575114e-01 8.304063e-01 8.949791e-01 5.192825e-01 9.393897e-01 5.171123e-01 4.951378e-01 8.931601e-01 6.101572e-01 4.797048e-01
6.136434e-01 8.609103e-01 9.029957e-01 5.729771e-01 9.495050e-01 5.840164e-01 5.645108e-01 9.025105e-01 6.489519e-01 4.735849e-01
6.537242e-01 8.797538e-01 9.094614e-01 6.205928e-01 9.544139e-01 6.189944e-01 6.094755e-01 9.131241e-01 6.738966e-01 4.671374e-01
6.904376e-01 8.893706e-01 9.171386e-01 6.588517e-01 9.612999e-01 6.515670e-01 6.377816e-01 9.204380e-01 7.090323e-01 4.636005e-01
7.228856e-01 8.992847e-01 9.216134e-01 6.905383e-01 9.645991e-01 6.846939e-01 6.686726e-01 9.256334e-01 7.264822e-01 4.571812e-01
7.473773e-01 9.090776e-01 9.263651e-01 7.066778e-01 9.700155e-01 7.111940e-01 6.905967e-01 9.273282e-01 7.473684e-01 4.535076e-01
7.601386e-01 9.167916e-01 9.293461e-01 7.273504e-01 9.760697e-01 7.347095e-01 7.152134e-01 9.346334e-01 7.655172e-01 4.475387e-01
7.809947e-01 9.208909e-01 9.324059e-01 7.409807e-01 9.763371e-01 7.537618e-01 7.248577e-01 9.396800e-01 7.899576e-01 4.414141e-01
7.998179e-01 9.281890e-01 9.324958e-01 7.531418e-01 9.768719e-01 7.705128e-01 7.376218e-01 9.426929e-01 8.050798e-01 4.378139e-01
