6.888559e-01 8.799743e-01 9.279070e-01 6.822840e-01 9.436906e-01 7.774869e-01 7.030207e-01 8.977242e-01 8.933728e-01 4.917973e-01
8.373293e-01 9.301442e-01 9.495119e-01 8.584454e-01 9.601942e-01 9.084225e-01 8.533225e-01 9.218878e-01 9.562273e-01 4.838868e-01
9.075969e-01 9.451138e-01 9.554922e-01 9.219847e-01 9.695898e-01 9.551913e-01 9.140962e-01 9.085077e-01 9.684340e-01 4.875472e-01
9.153724e-01 9.581395e-01 9.634643e-01 9.198128e-01 9.769899e-01 9.631285e-01 9.270728e-01 9.352354e-01 9.810845e-01 4.861361e-01
9.340357e-01 9.636364e-01 9.633383e-01 9.344498e-01 9.815362e-01 9.629630e-01 9.441941e-01 9.554745e-01 9.858065e-01 4.906702e-01
9.557214e-01 9.678112e-01 9.691020e-01 9.360522e-01 9.812405e-01 9.733236e-01 9.541593e-01 9.566319e-01 9.870883e-01 4.875168e-01
9.539763e-01 9.698389e-01 9.747270e-01 9.404007e-01 9.870170e-01 9.783582e-01 9.571429e-01 9.613740e-01 9.886640e-01 4.924347e-01
9.578856e-01 9.754123e-01 9.757576e-01 9.524786e-01 9.892235e-01 9.761468e-01 9.591837e-01 9.630265e-01 9.904828e-01 4.928270e-01
9.614565e-01 9.800307e-01 9.818331e-01 9.476357e-01 9.896272e-01 9.851097e-01 9.590133e-01 9.721600e-01 9.908062e-01 4.929293e-01
9.657559e-01 9.798425e-01 9.777219e-01 9.552962e-01 9.881864e-01 9.798077e-01 9.623782e-01 9.768473e-01 9.894049e-01 4.911374e-01
