8.193222e-03 1.109093e-02 1.649259e-02 1.361201e-02 7.459703e-03 1.306793e-02 1.385807e-02 1.638666e-02 2.109391e-02 2.601007e-02
1.124205e-02 8.729264e-03 8.723552e-03 1.121325e-02 1.000919e-02 4.969494e-03 2.416121e-02 1.633570e-02 1.029923e-02 3.200947e-02
1.079856e-02 9.884951e-03 1.066084e-02 4.558215e-03 6.796280e-03 1.126863e-02 1.469992e-02 1.922334e-02 1.000189e-02 2.015913e-02
7.107952e-03 1.235454e-02 1.186864e-02 1.082347e-02 7.574318e-03 1.157235e-02 2.187832e-02 1.517494e-02 1.727651e-02 7.261457e-02
9.859109e-03 9.847447e-03 1.041063e-02 9.653732e-03 9.548927e-03 1.274788e-02 1.558183e-02 1.600394e-02 1.693485e-02 3.024356e-02
1.050797e-02 7.800037e-03 1.057343e-02 2.014430e-02 1.004871e-02 1.233588e-02 8.921004e-03 2.677526e-02 1.615994e-02 2.224400e-02
9.544267e-03 1.254626e-02 1.296520e-02 1.470519e-02 9.133414e-03 1.214550e-02 1.615996e-02 1.517173e-02 1.373286e-02 5.961812e-02
1.376016e-02 1.698344e-02 8.917695e-03 1.614237e-02 9.793624e-03 1.742424e-02 1.030967e-02 1.290304e-02 1.516446e-02 4.356193e-02
1.328067e-02 1.586793e-02 6.005482e-03 1.711544e-02 1.048490e-02 1.443014e-02 1.295293e-02 1.281666e-02 1.379416e-02 2.126144e-02
9.352345e-03 1.553212e-02 6.393220e-03 1.830400e-02 1.103409e-02 1.196813e-02 1.057562e-02 1.146679e-02 1.151612e-02 1.752717e-02
