7.350908e-02 4.635995e-02 1.368057e-02 6.606450e-02 1.358547e-02 8.428344e-02 1.150309e-01 1.719784e-02 4.534707e-02 7.436942e-03
7.739237e-02 2.721572e-02 1.338912e-02 4.194443e-02 1.275779e-02 3.541267e-02 4.843427e-02 1.352096e-02 2.316348e-02 7.898939e-03
2.874872e-02 1.525165e-02 1.316436e-02 2.722056e-02 1.380426e-02 1.215463e-02 4.469497e-02 2.955448e-02 2.688039e-02 8.116863e-03
2.632081e-02 1.388627e-02 1.401392e-02 2.117551e-02 1.350536e-02 1.740158e-02 1.697875e-02 2.805016e-02 1.184298e-02 1.274744e-02
3.110861e-02 6.589773e-03 1.168162e-02 8.020600e-03 9.463851e-03 1.400075e-02 1.249277e-02 1.602186e-02 9.123958e-03 1.218893e-02
1.914040e-02 9.813019e-03 1.369948e-02 1.458733e-02 1.044202e-02 1.096787e-02 1.240075e-02 9.388972e-03 6.555918e-03 1.352711e-02
2.654736e-02 5.900276e-03 6.864275e-03 1.370678e-02 5.227677e-03 9.655459e-03 1.538772e-02 1.136456e-02 4.835755e-03 1.353329e-02
1.669635e-02 7.738224e-03 1.076525e-02 1.446037e-02 3.996678e-03 1.186765e-02 1.516350e-02 9.718826e-03 4.990359e-03 1.165250e-02
1.403197e-02 9.087680e-03 8.705130e-03 1.497245e-02 4.360980e-03 7.813444e-03 1.578948e-02 9.842276e-03 4.062633e-03 9.641150e-03
2.176361e-02 9.599843e-03 7.677834e-03 1.354138e-02 8.200480e-03 9.753285e-03 8.363913e-03 1.026634e-02 1.020207e-02 8.893349e-03
