2.612115e-02 2.866441e-02 1.061845e-02 3.492646e-02 8.091208e-03 4.056832e-02 2.812014e-02 9.990058e-03 1.856178e-02 2.544635e-03
3.646431e-02 2.871535e-02 1.131428e-02 3.183681e-02 7.847071e-03 3.316909e-02 3.866251e-02 1.877138e-02 1.723000e-02 3.648806e-03
3.284334e-02 2.413688e-02 1.541713e-02 3.275903e-02 1.129861e-02 2.414016e-02 3.900672e-02 1.891298e-02 1.905484e-02 3.742006e-03
2.443090e-02 2.411272e-02 1.615393e-02 2.766902e-02 9.406657e-03 1.687345e-02 3.226269e-02 2.215908e-02 1.891719e-02 5.052290e-03
3.089636e-02 1.964475e-02 1.249021e-02 3.000313e-02 7.948965e-03 1.723823e-02 2.690498e-02 2.140815e-02 2.395452e-02 5.929311e-03
3.038449e-02 9.097633e-03 9.239604e-03 2.854626e-02 9.428403e-03 2.748152e-02 1.693575e-02 1.955038e-02 2.506205e-02 6.442953e-03
2.651768e-02 9.809663e-03 8.680454e-03 3.085592e-02 8.884147e-03 2.463591e-02 1.955076e-02 1.981442e-02 2.601335e-02 9.649221e-03
2.935243e-02 9.973114e-03 1.102787e-02 2.583686e-02 7.482137e-03 2.609487e-02 1.979601e-02 1.344643e-02 3.112477e-02 1.054008e-02
2.485473e-02 6.633740e-03 1.345750e-02 2.378758e-02 8.206800e-03 2.653906e-02 2.243587e-02 1.171502e-02 2.975849e-02 9.383948e-03
1.695947e-02 1.001456e-02 1.383406e-02 2.110947e-02 1.002349e-02 2.148632e-02 2.191921e-02 1.293879e-02 2.277370e-02 7.877277e-03
