4.027157e-02 1.329665e-02 3.576186e-02 2.883293e-02 1.796177e-02 2.272969e-02 4.857404e-02 1.544083e-02 1.616111e-02 1.452545e-03
3.643652e-02 1.560899e-02 5.150958e-03 1.016552e-02 5.657719e-03 1.014282e-02 1.286529e-02 1.472099e-02 1.046072e-02 1.110223e-16
1.339897e-02 1.360202e-02 4.808074e-03 1.017875e-02 5.588330e-03 7.020582e-03 9.263177e-03 1.249717e-02 1.187827e-02 1.110223e-16
1.895394e-02 8.776479e-03 3.202329e-03 8.402642e-03 3.776552e-03 7.624215e-03 8.385456e-03 8.978099e-03 7.143510e-03 1.155327e-03
1.680347e-02 8.621558e-03 4.054090e-03 7.968100e-03 2.558421e-03 6.896706e-03 7.095144e-03 7.037647e-03 4.242395e-03 1.110223e-16
1.555340e-02 1.076389e-02 3.665630e-03 9.988430e-03 2.420575e-03 6.974270e-03 6.285055e-03 6.565839e-03 1.811295e-03 1.110223e-16
1.088711e-02 8.225225e-03 4.094978e-03 9.188039e-03 2.833123e-03 4.103799e-03 5.945491e-03 5.954198e-03 2.073184e-03 1.110223e-16
7.352930e-03 6.584765e-03 2.516704e-03 9.337778e-03 2.455140e-03 3.283014e-03 7.739018e-03 7.800312e-03 1.301239e-03 1.110223e-16
7.062485e-03 5.614644e-03 2.927749e-03 1.064706e-02 3.999664e-03 2.873088e-03 8.932525e-03 7.090726e-03 1.296344e-03 1.110223e-16
8.841283e-03 5.068812e-03 3.106740e-03 8.870104e-03 2.924858e-03 4.558161e-03 5.729801e-03 6.412356e-03 1.648449e-03 1.110223e-16
