6.882615e-01 8.793325e-01 9.280438e-01 6.814056e-01 9.438263e-01 7.781414e-01 7.028617e-01 8.977242e-01 8.928994e-01 4.920386e-01
8.376328e-01 9.302752e-01 9.495119e-01 8.590433e-01 9.603329e-01 9.088235e-01 8.526742e-01 9.222982e-01 9.562273e-01 4.837638e-01
9.089922e-01 9.451138e-01 9.553495e-01 9.218321e-01 9.695898e-01 9.549180e-01 9.139303e-01 9.135286e-01 9.680641e-01 4.872956e-01
9.156894e-01 9.581395e-01 9.574964e-01 9.201248e-01 9.768452e-01 9.636872e-01 9.265651e-01 9.348074e-01 9.812106e-01 4.875481e-01
9.317666e-01 9.641958e-01 9.636364e-01 9.338118e-01 9.822747e-01 9.625356e-01 9.438475e-01 9.551825e-01 9.858065e-01 4.909330e-01
9.543947e-01 9.670959e-01 9.691020e-01 9.355628e-01 9.810893e-01 9.725948e-01 9.538053e-01 9.576751e-01 9.872200e-01 4.873826e-01
9.502538e-01 9.713031e-01 9.723869e-01 9.422371e-01 9.873261e-01 9.780597e-01 9.587703e-01 9.610687e-01 9.885290e-01 4.914718e-01
9.582322e-01 9.742129e-01 9.757576e-01 9.502564e-01 9.892235e-01 9.747706e-01 9.601113e-01 9.639626e-01 9.903448e-01 4.926864e-01
9.634103e-01 9.794163e-01 9.818331e-01 9.483363e-01 9.894652e-01 9.846395e-01 9.584440e-01 9.708800e-01 9.917963e-01 4.936508e-01
9.637523e-01 9.817323e-01 9.788945e-01 9.545781e-01 9.881864e-01 9.806090e-01 9.614035e-01 9.776683e-01 9.894049e-01 4.908419e-01
