3.824000e-01 7.892999e-01 9.023841e-01 3.084815e-01 9.175562e-01 3.364935e-01 5.102464e-01 8.639175e-01 5.466667e-01 5.141487e-01
3.885559e-01 8.128205e-01 9.158322e-01 3.030683e-01 9.249284e-01 3.343501e-01 5.329801e-01 8.726316e-01 5.632967e-01 5.725490e-01
3.931944e-01 8.208276e-01 9.242047e-01 3.027104e-01 9.343567e-01 3.378049e-01 5.274696e-01 8.872504e-01 5.766292e-01 6.802500e-01
4.004261e-01 8.199719e-01 9.266573e-01 3.112082e-01 9.297904e-01 3.419668e-01 5.467497e-01 8.893250e-01 5.741419e-01 8.413043e-01
4.014535e-01 8.254676e-01 9.313131e-01 3.098361e-01 9.344037e-01 3.461756e-01 5.507779e-01 8.921348e-01 5.709602e-01 8.758486e-01
4.091988e-01 8.253314e-01 9.355982e-01 3.208524e-01 9.368750e-01 3.566667e-01 5.603473e-01 8.988506e-01 5.661871e-01 8.997326e-01
4.168693e-01 8.206015e-01 9.390649e-01 3.191888e-01 9.440895e-01 3.571006e-01 5.651403e-01 9.030252e-01 5.621622e-01 8.815574e-01
4.222741e-01 8.297381e-01 9.387944e-01 3.357257e-01 9.452459e-01 3.628788e-01 5.695915e-01 9.170396e-01 5.651629e-01 8.406162e-01
4.323248e-01 8.300158e-01 9.412044e-01 3.423895e-01 9.474832e-01 3.633540e-01 5.765891e-01 9.174603e-01 5.718670e-01 8.429799e-01
4.415033e-01 8.324149e-01 9.435981e-01 3.569514e-01 9.467354e-01 3.643312e-01 5.810811e-01 9.150090e-01 5.702073e-01 8.873529e-01
