8.361070e-01 9.284981e-01 9.507524e-01 8.723280e-01 9.697422e-01 9.256545e-01 8.864865e-01 8.967871e-01 9.526627e-01 5.272618e-01
9.042489e-01 9.532110e-01 9.785216e-01 9.270553e-01 9.815534e-01 9.649733e-01 9.314425e-01 9.337893e-01 9.798065e-01 5.260763e-01
9.370543e-01 9.661312e-01 9.853067e-01 9.454962e-01 9.850071e-01 9.762295e-01 9.494196e-01 9.495119e-01 9.853268e-01 5.290566e-01
9.478605e-01 9.718194e-01 9.866084e-01 9.510140e-01 9.869754e-01 9.818436e-01 9.551607e-01 9.596291e-01 9.896595e-01 5.296534e-01
9.588331e-01 9.787413e-01 9.892697e-01 9.523126e-01 9.929099e-01 9.839031e-01 9.653380e-01 9.672993e-01 9.932903e-01 5.308804e-01
9.728027e-01 9.834049e-01 9.884323e-01 9.543230e-01 9.931921e-01 9.846939e-01 9.688496e-01 9.749627e-01 9.959157e-01 5.312752e-01
9.729272e-01 9.857980e-01 9.903276e-01 9.577629e-01 9.947450e-01 9.877612e-01 9.717902e-01 9.760305e-01 9.956815e-01 5.291609e-01
9.792028e-01 9.875562e-01 9.923445e-01 9.620513e-01 9.954041e-01 9.906728e-01 9.740260e-01 9.783151e-01 9.964138e-01 5.309423e-01
9.817052e-01 9.912442e-01 9.918167e-01 9.705779e-01 9.964344e-01 9.921630e-01 9.781784e-01 9.830400e-01 9.970297e-01 5.339105e-01
9.817851e-01 9.922835e-01 9.938023e-01 9.707361e-01 9.970050e-01 9.918269e-01 9.812865e-01 9.862069e-01 9.976778e-01 5.347120e-01
