5.062407e-01 7.879332e-01 8.803010e-01 4.521230e-01 9.345997e-01 4.399215e-01 4.367250e-01 8.724230e-01 5.669822e-01 4.844391e-01
5.593323e-01 8.318480e-01 8.948396e-01 5.212257e-01 9.396671e-01 5.193850e-01 4.957861e-01 8.919289e-01 6.094317e-01 4.805658e-01
6.131783e-01 8.595716e-01 9.024251e-01 5.705344e-01 9.496464e-01 5.815574e-01 5.631841e-01 9.013947e-01 6.473490e-01 4.740881e-01
6.559429e-01 8.815321e-01 9.090247e-01 6.226209e-01 9.542692e-01 6.191341e-01 6.116751e-01 9.129815e-01 6.725095e-01 4.671374e-01
6.894652e-01 8.902098e-01 9.169896e-01 6.580542e-01 9.608567e-01 6.507123e-01 6.389948e-01 9.195620e-01 7.051613e-01 4.629435e-01
7.270315e-01 8.992847e-01 9.216134e-01 6.916803e-01 9.642965e-01 6.820700e-01 6.649558e-01 9.238450e-01 7.242424e-01 4.582550e-01
7.505922e-01 9.089312e-01 9.260530e-01 7.085142e-01 9.695518e-01 7.126866e-01 6.936709e-01 9.258015e-01 7.445344e-01 4.544704e-01
7.634315e-01 9.166417e-01 9.275917e-01 7.276923e-01 9.754358e-01 7.354740e-01 7.191095e-01 9.340094e-01 7.640000e-01 4.490858e-01
7.843694e-01 9.211982e-01 9.322422e-01 7.413310e-01 9.763371e-01 7.540752e-01 7.290323e-01 9.377600e-01 7.859972e-01 4.434343e-01
8.034608e-01 9.288189e-01 9.324958e-01 7.538600e-01 9.767055e-01 7.737179e-01 7.421053e-01 9.410509e-01 8.023222e-01 4.381093e-01
