5.722120e-02 2.071531e-02 3.109280e-02 3.035941e-02 2.094173e-02 2.836300e-02 6.521462e-02 2.049068e-02 1.820332e-02 2.498470e-03
3.727157e-02 1.729864e-02 6.838299e-03 1.264472e-02 8.016836e-03 1.187960e-02 1.476658e-02 1.690117e-02 1.056987e-02 8.085401e-03
1.516212e-02 1.003659e-02 4.943716e-03 1.217647e-02 1.022309e-02 6.236455e-03 1.012152e-02 1.327239e-02 1.027875e-02 1.152849e-03
1.942834e-02 9.962868e-03 3.553582e-03 8.691662e-03 6.631803e-03 8.449432e-03 7.614213e-03 1.215571e-02 5.284320e-03 1.176528e-03
1.609687e-02 9.209554e-03 4.097683e-03 8.602097e-03 2.864213e-03 8.642628e-03 6.845205e-03 8.237510e-03 5.313874e-03 1.110223e-16
9.760490e-03 9.187178e-03 5.823783e-03 9.170290e-03 3.596026e-03 6.845106e-03 5.080602e-03 5.608014e-03 2.598562e-03 8.053691e-04
1.140093e-02 8.073977e-03 3.104485e-03 1.280262e-02 3.798518e-03 5.496105e-03 6.222297e-03 6.222194e-03 1.790351e-03 9.491059e-03
6.845205e-03 6.146927e-03 2.743963e-03 8.642205e-03 3.780304e-03 4.240191e-03 1.032980e-02 8.268331e-03 1.655172e-03 6.329114e-03
7.151269e-03 5.278906e-03 3.190440e-03 1.026574e-02 4.022585e-03 4.649654e-03 9.030743e-03 7.233699e-03 1.606480e-03 1.110223e-16
8.960564e-03 5.697654e-03 3.001084e-03 8.686514e-03 2.957802e-03 4.724168e-03 4.790723e-03 6.896552e-03 1.741655e-03 1.110223e-16
