2.552133e-02 2.939526e-02 1.033262e-02 3.573674e-02 7.836922e-03 3.987079e-02 2.928948e-02 8.738465e-03 1.774714e-02 2.483867e-03
3.638845e-02 2.772843e-02 1.175526e-02 3.025974e-02 7.876433e-03 3.374311e-02 3.768678e-02 1.875692e-02 1.722830e-02 3.891585e-03
3.101744e-02 2.443940e-02 1.547246e-02 3.187916e-02 1.131895e-02 2.567470e-02 4.079872e-02 1.808867e-02 2.276297e-02 3.874949e-03
2.870563e-02 2.319296e-02 1.622525e-02 3.134483e-02 9.560142e-03 1.974220e-02 3.130288e-02 2.268143e-02 1.915817e-02 5.019567e-03
3.244893e-02 1.869371e-02 1.199771e-02 3.125509e-02 8.794668e-03 2.162992e-02 2.639840e-02 2.090652e-02 2.439529e-02 5.191786e-03
3.118627e-02 8.730270e-03 8.231852e-03 3.163249e-02 9.832422e-03 2.844210e-02 1.806784e-02 1.861937e-02 2.375235e-02 7.158277e-03
2.559638e-02 1.122329e-02 8.802955e-03 2.675497e-02 8.799039e-03 2.607672e-02 1.884819e-02 2.111291e-02 2.922000e-02 9.434073e-03
2.901329e-02 7.853554e-03 9.965231e-03 2.515842e-02 7.707015e-03 3.050449e-02 1.674288e-02 1.386702e-02 3.213201e-02 9.985935e-03
2.242798e-02 7.040963e-03 1.344057e-02 2.776868e-02 8.206800e-03 2.542327e-02 2.126253e-02 1.234076e-02 2.787570e-02 1.068308e-02
1.825951e-02 1.135170e-02 1.439074e-02 2.306775e-02 1.012107e-02 2.175949e-02 2.519149e-02 1.310444e-02 2.410163e-02 8.282331e-03
