7.281984e-02 4.594846e-02 1.388627e-02 6.555047e-02 1.375985e-02 8.485119e-02 1.145589e-01 1.719784e-02 4.498987e-02 7.444764e-03
7.772548e-02 2.746546e-02 1.338912e-02 4.193378e-02 1.282022e-02 3.538010e-02 4.857075e-02 1.348424e-02 2.287128e-02 8.343256e-03
2.798482e-02 1.470121e-02 1.333713e-02 2.696548e-02 1.380426e-02 1.170407e-02 4.453254e-02 2.355351e-02 2.668882e-02 7.655408e-03
2.802698e-02 1.425862e-02 2.001972e-02 2.103251e-02 1.335801e-02 1.808106e-02 1.653019e-02 2.753653e-02 1.160494e-02 1.109934e-02
2.930324e-02 7.588621e-03 1.198197e-02 7.756183e-03 1.050719e-02 1.430259e-02 1.588793e-02 1.572379e-02 9.123958e-03 1.165298e-02
1.980699e-02 1.001431e-02 1.369948e-02 1.495576e-02 1.028856e-02 1.044692e-02 1.255141e-02 8.897056e-03 6.401861e-03 1.370771e-02
2.866710e-02 7.088561e-03 7.612401e-03 1.340142e-02 5.163305e-03 9.742737e-03 1.654982e-02 1.071425e-02 4.761749e-03 1.428220e-02
1.646812e-02 7.025712e-03 1.076525e-02 1.491104e-02 3.996678e-03 1.170998e-02 1.496356e-02 9.803599e-03 5.011283e-03 1.168386e-02
1.305718e-02 8.962183e-03 9.125762e-03 1.390613e-02 4.051864e-03 7.107075e-03 1.604398e-02 1.008888e-02 3.274636e-03 9.817714e-03
1.613745e-02 1.011313e-02 9.628213e-03 1.471844e-02 8.200480e-03 1.014690e-02 8.487930e-03 9.802832e-03 1.064663e-02 8.764847e-03
