1.097553e-02 1.150488e-02 1.602649e-02 1.548005e-02 7.590769e-03 1.248983e-02 1.310180e-02 1.652112e-02 2.111035e-02 2.601007e-02
7.845330e-03 9.252880e-03 9.153740e-03 1.234999e-02 9.464266e-03 7.202214e-03 2.635861e-02 1.608460e-02 7.158900e-03 3.207789e-02
1.034606e-02 1.126399e-02 1.058430e-02 8.114957e-03 7.939283e-03 1.001336e-02 1.250209e-02 1.300160e-02 1.345315e-02 2.025463e-02
1.310288e-02 1.353430e-02 1.076007e-02 1.523594e-02 8.156966e-03 1.093130e-02 2.283666e-02 1.388682e-02 1.902069e-02 5.878863e-02
1.364732e-02 1.521442e-02 1.149340e-02 1.147541e-02 1.082176e-02 1.203883e-02 9.513534e-03 1.663157e-02 1.435274e-02 3.024920e-02
1.173515e-02 8.414054e-03 9.713018e-03 1.961995e-02 1.022692e-02 1.425088e-02 1.002216e-02 1.733418e-02 1.341426e-02 2.299310e-02
1.249625e-02 1.236471e-02 1.081775e-02 1.184415e-02 7.825846e-03 1.252077e-02 9.577291e-03 1.789817e-02 1.222590e-02 5.397489e-02
1.170714e-02 1.476709e-02 9.582689e-03 1.948452e-02 1.131504e-02 9.801754e-03 1.619890e-02 1.029254e-02 1.213664e-02 4.040707e-02
1.532721e-02 1.379392e-02 8.248503e-03 1.895703e-02 1.034434e-02 1.155764e-02 1.416634e-02 9.939332e-03 1.791012e-02 2.102847e-02
7.657108e-03 1.323069e-02 6.830246e-03 1.726919e-02 1.102873e-02 1.212284e-02 1.391892e-02 9.361432e-03 1.628007e-02 1.771067e-02
