6.884101e-01 8.794608e-01 9.280438e-01 6.814056e-01 9.438263e-01 7.773560e-01 7.025437e-01 8.975904e-01 8.930178e-01 4.920386e-01
8.371775e-01 9.302752e-01 9.496513e-01 8.584454e-01 9.600555e-01 9.082888e-01 8.531605e-01 9.186047e-01 9.559855e-01 4.838868e-01
9.074419e-01 9.448461e-01 9.552068e-01 9.190840e-01 9.695898e-01 9.551913e-01 9.131012e-01 9.136681e-01 9.684340e-01 4.872956e-01
9.150555e-01 9.592339e-01 9.633188e-01 9.227769e-01 9.769899e-01 9.632682e-01 9.267343e-01 9.350927e-01 9.810845e-01 4.865212e-01
9.340357e-01 9.644755e-01 9.634873e-01 9.331738e-01 9.815362e-01 9.628205e-01 9.481802e-01 9.548905e-01 9.856774e-01 4.905388e-01
9.553897e-01 9.676681e-01 9.692542e-01 9.344209e-01 9.812405e-01 9.731778e-01 9.534513e-01 9.570790e-01 9.870883e-01 4.875168e-01
9.538071e-01 9.696925e-01 9.748830e-01 9.412354e-01 9.871716e-01 9.761194e-01 9.544304e-01 9.621374e-01 9.885290e-01 4.916094e-01
9.590988e-01 9.755622e-01 9.757576e-01 9.524786e-01 9.892235e-01 9.761468e-01 9.597403e-01 9.639626e-01 9.903448e-01 4.929677e-01
9.625222e-01 9.775730e-01 9.806874e-01 9.472855e-01 9.896272e-01 9.855799e-01 9.590133e-01 9.704000e-01 9.908062e-01 4.929293e-01
9.679417e-01 9.800000e-01 9.777219e-01 9.526032e-01 9.878536e-01 9.812500e-01 9.617934e-01 9.761905e-01 9.895501e-01 4.923191e-01
