5.025260e-01 7.872914e-01 8.801642e-01 4.489019e-01 9.347354e-01 4.369110e-01 4.341812e-01 8.729585e-01 5.663905e-01 4.843185e-01
5.558422e-01 8.311927e-01 8.948396e-01 5.173393e-01 9.395284e-01 5.209893e-01 4.933549e-01 8.932969e-01 6.102781e-01 4.794588e-01
6.141085e-01 8.613119e-01 9.032810e-01 5.682443e-01 9.495050e-01 5.882514e-01 5.630182e-01 9.019526e-01 6.484587e-01 4.730818e-01
6.556260e-01 8.793434e-01 9.091703e-01 6.179407e-01 9.544139e-01 6.212291e-01 6.081218e-01 9.134094e-01 6.749054e-01 4.667522e-01
6.910859e-01 8.888112e-01 9.168405e-01 6.575758e-01 9.608567e-01 6.535613e-01 6.362218e-01 9.211679e-01 7.083871e-01 4.628121e-01
7.243781e-01 8.988555e-01 9.210046e-01 6.931485e-01 9.645991e-01 6.867347e-01 6.667257e-01 9.257824e-01 7.259552e-01 4.571812e-01
7.478849e-01 9.092240e-01 9.262090e-01 7.060100e-01 9.698609e-01 7.170149e-01 6.896926e-01 9.271756e-01 7.460189e-01 4.529574e-01
7.584055e-01 9.170915e-01 9.291866e-01 7.276923e-01 9.762282e-01 7.394495e-01 7.122449e-01 9.355694e-01 7.641379e-01 4.468354e-01
7.802842e-01 9.207373e-01 9.327332e-01 7.399299e-01 9.763371e-01 7.567398e-01 7.235294e-01 9.388800e-01 7.878359e-01 4.405483e-01
7.990893e-01 9.272441e-01 9.326633e-01 7.517056e-01 9.768719e-01 7.751603e-01 7.304094e-01 9.425287e-01 8.050798e-01 4.366322e-01
