3.826667e-01 7.948481e-01 9.021192e-01 3.087551e-01 9.183989e-01 3.380519e-01 5.070039e-01 8.583211e-01 5.447312e-01 5.141487e-01
3.895095e-01 8.124157e-01 9.163735e-01 3.050209e-01 9.249284e-01 3.400531e-01 5.343046e-01 8.757895e-01 5.668132e-01 5.727941e-01
3.906944e-01 8.233103e-01 9.225450e-01 3.012839e-01 9.321637e-01 3.398374e-01 5.343708e-01 8.804916e-01 5.741573e-01 6.812500e-01
4.002841e-01 8.199719e-01 9.267983e-01 3.123726e-01 9.294910e-01 3.432133e-01 5.482711e-01 8.890110e-01 5.709382e-01 8.263427e-01
4.027616e-01 8.244604e-01 9.333333e-01 3.093890e-01 9.342508e-01 3.487252e-01 5.528996e-01 8.926164e-01 5.686183e-01 8.755875e-01
4.075668e-01 8.248895e-01 9.342688e-01 3.238965e-01 9.384375e-01 3.573913e-01 5.639653e-01 8.939245e-01 5.678657e-01 9.001337e-01
4.185410e-01 8.196992e-01 9.395173e-01 3.271451e-01 9.450479e-01 3.594675e-01 5.618907e-01 9.043697e-01 5.678133e-01 8.781421e-01
4.242991e-01 8.283513e-01 9.397218e-01 3.334928e-01 9.450820e-01 3.616667e-01 5.720121e-01 9.130809e-01 5.604010e-01 8.399160e-01
4.320064e-01 8.312796e-01 9.434231e-01 3.551555e-01 9.469799e-01 3.687888e-01 5.813953e-01 9.197531e-01 5.554987e-01 8.432665e-01
4.410131e-01 8.324149e-01 9.457050e-01 3.505863e-01 9.453608e-01 3.643312e-01 5.785374e-01 9.173599e-01 5.707254e-01 8.873529e-01
