8.456166e-01 9.424904e-01 9.532148e-01 8.808199e-01 9.706920e-01 9.335079e-01 9.011129e-01 9.070950e-01 9.609467e-01 5.277443e-01
9.086495e-01 9.595020e-01 9.796374e-01 9.352765e-01 9.843273e-01 9.664439e-01 9.374392e-01 9.402189e-01 9.802902e-01 5.289053e-01
9.406202e-01 9.661312e-01 9.855920e-01 9.473282e-01 9.898161e-01 9.765027e-01 9.537313e-01 9.509066e-01 9.864365e-01 5.295597e-01
9.529319e-01 9.735978e-01 9.877729e-01 9.505460e-01 9.905933e-01 9.817039e-01 9.583756e-01 9.603424e-01 9.900378e-01 5.301669e-01
9.596434e-01 9.777622e-01 9.897168e-01 9.532695e-01 9.926145e-01 9.833333e-01 9.644714e-01 9.699270e-01 9.931613e-01 5.308804e-01
9.716418e-01 9.814020e-01 9.887367e-01 9.569331e-01 9.942511e-01 9.868805e-01 9.669027e-01 9.737705e-01 9.947299e-01 5.315436e-01
9.742809e-01 9.838946e-01 9.921997e-01 9.606010e-01 9.953632e-01 9.900000e-01 9.737794e-01 9.766412e-01 9.948718e-01 5.323246e-01
9.779896e-01 9.877061e-01 9.920255e-01 9.632479e-01 9.968304e-01 9.918960e-01 9.736549e-01 9.803432e-01 9.969655e-01 5.330520e-01
9.808171e-01 9.906298e-01 9.919804e-01 9.707531e-01 9.965964e-01 9.934169e-01 9.785579e-01 9.846400e-01 9.967468e-01 5.339105e-01
9.817851e-01 9.911811e-01 9.938023e-01 9.700180e-01 9.968386e-01 9.916667e-01 9.808967e-01 9.863711e-01 9.972424e-01 5.347120e-01
