1.071655e-02 1.369073e-02 1.521104e-02 7.342674e-03 7.007005e-03 1.339678e-02 1.278006e-02 1.867322e-02 2.228791e-02 2.601007e-02
1.185286e-02 9.291182e-03 9.351639e-03 1.362316e-02 1.045355e-02 1.139658e-02 2.276605e-02 1.690910e-02 1.323982e-02 3.183068e-02
1.011222e-02 7.934332e-03 1.240194e-02 4.456633e-03 5.781789e-03 1.071746e-02 1.521891e-02 1.606380e-02 1.181646e-02 2.124265e-02
7.929140e-03 1.039266e-02 1.153545e-02 1.166665e-02 9.214798e-03 1.410840e-02 2.129475e-02 1.116809e-02 1.776221e-02 7.377708e-02
9.156977e-03 1.053410e-02 1.130341e-02 1.152851e-02 1.094101e-02 1.451133e-02 1.210885e-02 1.617050e-02 1.491493e-02 3.068330e-02
1.168345e-02 7.970580e-03 1.259010e-02 1.831298e-02 1.089725e-02 1.417329e-02 1.029533e-02 2.552508e-02 1.413852e-02 2.238696e-02
9.806849e-03 1.070630e-02 1.205599e-02 1.257859e-02 1.020866e-02 1.218059e-02 9.252857e-03 1.448599e-02 1.413364e-02 6.276070e-02
1.374252e-02 1.645447e-02 9.992723e-03 1.762270e-02 1.162086e-02 1.049837e-02 1.051301e-02 1.212784e-02 1.116344e-02 4.414343e-02
1.328545e-02 1.433687e-02 5.846550e-03 2.322675e-02 1.135994e-02 1.232982e-02 1.802721e-02 1.232677e-02 1.015316e-02 2.126144e-02
9.924369e-03 1.606420e-02 7.147837e-03 1.456516e-02 1.013017e-02 1.043692e-02 1.327195e-02 5.487881e-03 1.385708e-02 1.740272e-02
