4.019282e-02 1.346108e-02 3.562449e-02 2.929868e-02 1.796177e-02 2.272969e-02 4.854463e-02 1.544083e-02 1.623503e-02 1.452545e-03
3.655639e-02 1.254979e-02 5.150958e-03 1.020501e-02 5.652617e-03 1.015427e-02 1.323069e-02 1.440032e-02 1.043062e-02 1.110223e-16
1.385061e-02 1.333390e-02 4.620295e-03 1.017875e-02 5.470744e-03 6.960513e-03 9.423597e-03 1.210741e-02 1.187827e-02 1.110223e-16
1.857718e-02 8.887719e-03 3.202329e-03 8.197382e-03 3.617945e-03 7.936353e-03 8.601195e-03 9.436711e-03 7.143510e-03 1.110223e-16
1.715925e-02 8.402091e-03 3.854700e-03 8.380418e-03 2.558421e-03 6.833154e-03 7.721549e-03 7.007299e-03 4.242395e-03 1.110223e-16
1.469230e-02 1.047382e-02 4.095472e-03 1.011419e-02 2.420575e-03 7.021338e-03 6.133707e-03 6.638169e-03 1.767643e-03 1.110223e-16
1.093434e-02 7.911717e-03 3.488406e-03 9.058204e-03 2.764844e-03 4.578466e-03 6.172169e-03 6.296669e-03 2.073184e-03 1.110223e-16
8.204368e-03 6.664501e-03 2.365614e-03 8.691093e-03 2.455140e-03 3.556484e-03 7.549904e-03 7.390152e-03 1.202455e-03 1.110223e-16
6.870011e-03 5.599916e-03 3.309942e-03 9.720973e-03 3.999664e-03 2.873088e-03 8.141722e-03 6.944811e-03 1.272984e-03 1.110223e-16
8.426254e-03 5.184906e-03 3.182580e-03 9.835078e-03 2.924858e-03 3.778790e-03 5.499702e-03 6.929704e-03 1.648449e-03 1.110223e-16
