5.029718e-01 7.872914e-01 8.800274e-01 4.496340e-01 9.347354e-01 4.358639e-01 4.337043e-01 8.728246e-01 5.666272e-01 4.843185e-01
5.553869e-01 8.304063e-01 8.948396e-01 5.170404e-01 9.393897e-01 5.199198e-01 4.938412e-01 8.930233e-01 6.095526e-01 4.797048e-01
6.125581e-01 8.614458e-01 9.028531e-01 5.687023e-01 9.495050e-01 5.863388e-01 5.633499e-01 9.016736e-01 6.484587e-01 4.730818e-01
6.553090e-01 8.790698e-01 9.091703e-01 6.177847e-01 9.544139e-01 6.201117e-01 6.098139e-01 9.134094e-01 6.741488e-01 4.667522e-01
6.893031e-01 8.889510e-01 9.166915e-01 6.564593e-01 9.611521e-01 6.529915e-01 6.365685e-01 9.210219e-01 7.067097e-01 4.626807e-01
7.237148e-01 8.989986e-01 9.213090e-01 6.910277e-01 9.642965e-01 6.867347e-01 6.665487e-01 9.256334e-01 7.251647e-01 4.570470e-01
7.468697e-01 9.099561e-01 9.265211e-01 7.078464e-01 9.698609e-01 7.141791e-01 6.925859e-01 9.270229e-01 7.453441e-01 4.532325e-01
7.577123e-01 9.170915e-01 9.290271e-01 7.249573e-01 9.760697e-01 7.394495e-01 7.137291e-01 9.349454e-01 7.653793e-01 4.466948e-01
7.781528e-01 9.208909e-01 9.330606e-01 7.373030e-01 9.761750e-01 7.556426e-01 7.246679e-01 9.393600e-01 7.886846e-01 4.406926e-01
7.972678e-01 9.278740e-01 9.326633e-01 7.499102e-01 9.770383e-01 7.745192e-01 7.321637e-01 9.430213e-01 8.043541e-01 4.372230e-01
