3.826667e-01 7.948481e-01 9.035762e-01 3.077975e-01 9.183989e-01 3.362338e-01 5.067445e-01 8.571429e-01 5.481720e-01 5.141487e-01
3.905995e-01 8.125506e-01 9.163735e-01 3.047420e-01 9.247851e-01 3.360743e-01 5.336424e-01 8.750376e-01 5.670330e-01 5.726716e-01
3.904167e-01 8.226207e-01 9.225450e-01 2.991441e-01 9.323099e-01 3.390244e-01 5.374831e-01 8.788018e-01 5.746067e-01 6.802500e-01
4.009943e-01 8.205345e-01 9.267983e-01 3.078603e-01 9.287425e-01 3.432133e-01 5.478562e-01 8.937206e-01 5.704805e-01 8.292839e-01
4.014535e-01 8.208633e-01 9.326118e-01 3.105812e-01 9.339450e-01 3.488669e-01 5.480905e-01 8.924559e-01 5.695550e-01 8.759791e-01
4.083086e-01 8.250368e-01 9.342688e-01 3.217656e-01 9.389062e-01 3.584058e-01 5.643994e-01 8.935961e-01 5.690647e-01 9.001337e-01
4.231003e-01 8.183459e-01 9.395173e-01 3.283931e-01 9.448882e-01 3.588757e-01 5.706056e-01 9.045378e-01 5.678133e-01 8.724044e-01
4.221184e-01 8.295840e-01 9.398764e-01 3.341308e-01 9.457377e-01 3.665152e-01 5.717095e-01 9.127367e-01 5.609023e-01 8.399160e-01
4.321656e-01 8.330174e-01 9.437401e-01 3.538462e-01 9.471477e-01 3.672360e-01 5.770543e-01 9.197531e-01 5.608696e-01 8.415473e-01
4.413399e-01 8.335494e-01 9.466775e-01 3.482412e-01 9.463918e-01 3.665605e-01 5.775835e-01 9.173599e-01 5.658031e-01 8.873529e-01
