6.890045e-01 8.799743e-01 9.280438e-01 6.815520e-01 9.438263e-01 7.776178e-01 7.027027e-01 8.978581e-01 8.932544e-01 4.920386e-01
8.374810e-01 9.301442e-01 9.495119e-01 8.584454e-01 9.600555e-01 9.084225e-01 8.531605e-01 9.184679e-01 9.561064e-01 4.840098e-01
9.072868e-01 9.449799e-01 9.552068e-01 9.190840e-01 9.695898e-01 9.550546e-01 9.139303e-01 9.136681e-01 9.684340e-01 4.872956e-01
9.153724e-01 9.592339e-01 9.633188e-01 9.229329e-01 9.769899e-01 9.632682e-01 9.267343e-01 9.353780e-01 9.809584e-01 4.866496e-01
9.332253e-01 9.639161e-01 9.633383e-01 9.338118e-01 9.813885e-01 9.628205e-01 9.481802e-01 9.548905e-01 9.856774e-01 4.904074e-01
9.557214e-01 9.676681e-01 9.692542e-01 9.347471e-01 9.812405e-01 9.733236e-01 9.539823e-01 9.569300e-01 9.870883e-01 4.868456e-01
9.538071e-01 9.698389e-01 9.747270e-01 9.409015e-01 9.871716e-01 9.761194e-01 9.544304e-01 9.625954e-01 9.885290e-01 4.924347e-01
9.594454e-01 9.755622e-01 9.757576e-01 9.523077e-01 9.892235e-01 9.761468e-01 9.599258e-01 9.634945e-01 9.903448e-01 4.929677e-01
9.626998e-01 9.792627e-01 9.806874e-01 9.472855e-01 9.896272e-01 9.852665e-01 9.590133e-01 9.705600e-01 9.908062e-01 4.937951e-01
9.679417e-01 9.800000e-01 9.777219e-01 9.529623e-01 9.876872e-01 9.799679e-01 9.614035e-01 9.763547e-01 9.895501e-01 4.908419e-01
