8.319465e-01 9.284981e-01 9.507524e-01 8.720351e-01 9.696065e-01 9.242147e-01 8.860095e-01 8.970549e-01 9.525444e-01 5.272618e-01
9.036419e-01 9.533421e-01 9.786611e-01 9.276532e-01 9.809986e-01 9.648396e-01 9.322528e-01 9.347469e-01 9.799274e-01 5.260763e-01
9.375194e-01 9.659973e-01 9.850214e-01 9.450382e-01 9.851485e-01 9.765027e-01 9.492537e-01 9.497908e-01 9.853268e-01 5.290566e-01
9.500792e-01 9.735978e-01 9.877729e-01 9.500780e-01 9.876990e-01 9.826816e-01 9.588832e-01 9.607703e-01 9.907945e-01 5.301669e-01
9.599676e-01 9.772028e-01 9.919523e-01 9.529506e-01 9.930576e-01 9.850427e-01 9.660312e-01 9.668613e-01 9.944516e-01 5.308804e-01
9.726368e-01 9.836910e-01 9.891933e-01 9.559543e-01 9.939486e-01 9.854227e-01 9.695575e-01 9.751118e-01 9.959157e-01 5.315436e-01
9.724196e-01 9.856515e-01 9.904836e-01 9.577629e-01 9.945904e-01 9.870149e-01 9.725136e-01 9.764885e-01 9.955466e-01 5.290234e-01
9.788562e-01 9.869565e-01 9.925040e-01 9.625641e-01 9.954041e-01 9.908257e-01 9.742115e-01 9.786271e-01 9.964138e-01 5.309423e-01
9.808171e-01 9.909370e-01 9.921440e-01 9.707531e-01 9.965964e-01 9.934169e-01 9.777989e-01 9.841600e-01 9.967468e-01 5.339105e-01
9.810565e-01 9.913386e-01 9.938023e-01 9.700180e-01 9.968386e-01 9.915064e-01 9.814815e-01 9.866995e-01 9.972424e-01 5.347120e-01
