7.354766e-02 4.594578e-02 1.388627e-02 6.544263e-02 1.342118e-02 8.507944e-02 1.155596e-01 1.725870e-02 4.520586e-02 7.444764e-03
7.701851e-02 2.721572e-02 1.338912e-02 4.218346e-02 1.270869e-02 3.585904e-02 4.865585e-02 1.425862e-02 2.314612e-02 7.006753e-03
2.878715e-02 1.505593e-02 1.310859e-02 2.558334e-02 1.380426e-02 1.214926e-02 4.462508e-02 2.327478e-02 2.688039e-02 8.136333e-03
2.632081e-02 1.409494e-02 1.394344e-02 2.268483e-02 1.350536e-02 1.710595e-02 1.633593e-02 2.771333e-02 1.183560e-02 1.249150e-02
2.904528e-02 6.279705e-03 1.168162e-02 8.596181e-03 9.416471e-03 1.430826e-02 1.323187e-02 1.572921e-02 9.095630e-03 1.256011e-02
1.948220e-02 9.874354e-03 1.364440e-02 1.408993e-02 1.044202e-02 1.096787e-02 1.157906e-02 9.576348e-03 6.555918e-03 1.506767e-02
2.573971e-02 5.563690e-03 6.864275e-03 1.325505e-02 4.986790e-03 1.161881e-02 1.421113e-02 1.238901e-02 4.761749e-03 1.353329e-02
1.696671e-02 7.646177e-03 1.076525e-02 1.379118e-02 3.996678e-03 1.180840e-02 1.500835e-02 1.032945e-02 5.011283e-03 1.175476e-02
1.479692e-02 8.641833e-03 9.252566e-03 1.408583e-02 4.360980e-03 7.998339e-03 1.639363e-02 8.070093e-03 4.786117e-03 1.028082e-02
1.805393e-02 9.371071e-03 7.714291e-03 1.676113e-02 8.124163e-03 9.754601e-03 8.576998e-03 9.857689e-03 1.000925e-02 8.764847e-03
