5.353907e-02 2.079470e-02 3.109280e-02 3.022070e-02 2.088142e-02 2.589804e-02 6.539594e-02 2.078591e-02 1.814514e-02 2.498470e-03
3.686031e-02 1.706017e-02 6.543210e-03 1.320482e-02 7.418629e-03 1.177761e-02 1.538940e-02 1.612893e-02 1.048863e-02 8.085401e-03
1.451166e-02 1.005710e-02 4.243787e-03 1.209869e-02 1.034081e-02 6.224473e-03 9.872555e-03 1.207846e-02 1.027875e-02 1.152849e-03
1.899431e-02 9.399389e-03 3.202329e-03 8.852581e-03 6.415097e-03 8.771128e-03 7.606689e-03 1.079368e-02 4.442349e-03 1.110223e-16
1.684406e-02 9.424747e-03 3.345744e-03 8.887165e-03 2.727649e-03 9.059874e-03 5.268175e-03 8.412864e-03 2.888133e-03 1.110223e-16
1.012152e-02 7.656131e-03 5.204055e-03 1.036884e-02 3.244722e-03 7.489932e-03 5.529380e-03 5.773881e-03 2.530879e-03 1.110223e-16
1.048660e-02 9.551688e-03 3.155031e-03 1.278083e-02 3.801661e-03 5.586557e-03 5.931725e-03 6.626728e-03 1.712359e-03 9.903714e-03
6.428852e-03 7.675518e-03 2.945165e-03 9.059829e-03 3.780304e-03 4.215305e-03 9.293120e-03 7.770614e-03 1.655172e-03 6.329114e-03
6.870011e-03 5.599916e-03 3.256915e-03 9.720973e-03 3.999664e-03 2.873088e-03 7.917513e-03 6.417975e-03 1.272984e-03 1.110223e-16
8.628575e-03 5.090781e-03 3.182580e-03 9.703102e-03 2.924858e-03 4.057368e-03 5.928618e-03 6.462617e-03 1.648449e-03 1.110223e-16
