1.186592e-02 1.375431e-02 1.666770e-02 9.135873e-03 6.922035e-03 1.146173e-02 1.200074e-02 1.933743e-02 2.208781e-02 2.601007e-02
1.125195e-02 9.851552e-03 9.233408e-03 1.343915e-02 1.130353e-02 1.027659e-02 2.248888e-02 1.795025e-02 1.137774e-02 3.184412e-02
9.711303e-03 9.619639e-03 1.204194e-02 5.526782e-03 6.827658e-03 1.076874e-02 1.522312e-02 1.545974e-02 1.119318e-02 2.025463e-02
8.452600e-03 9.988906e-03 1.120299e-02 1.207801e-02 7.726639e-03 1.391674e-02 2.334535e-02 1.455912e-02 1.801978e-02 7.276934e-02
8.470234e-03 1.185196e-02 1.239722e-02 1.396766e-02 1.184004e-02 1.419331e-02 8.609436e-03 1.595477e-02 1.328098e-02 3.029171e-02
1.154604e-02 6.995194e-03 1.265923e-02 1.923116e-02 1.112452e-02 1.569037e-02 9.152757e-03 2.589840e-02 1.278202e-02 2.238696e-02
9.592543e-03 1.268517e-02 1.209367e-02 1.390557e-02 9.749645e-03 1.146235e-02 1.722649e-02 1.487751e-02 1.200919e-02 6.604227e-02
1.425893e-02 1.495798e-02 9.688058e-03 1.722562e-02 1.223373e-02 1.314694e-02 1.081351e-02 1.202481e-02 1.136419e-02 4.414343e-02
1.357151e-02 1.148033e-02 5.220180e-03 2.243838e-02 1.090604e-02 1.105106e-02 1.901106e-02 1.277291e-02 1.738566e-02 2.031355e-02
9.285015e-03 1.573125e-02 6.700171e-03 1.907563e-02 8.821648e-03 1.261484e-02 1.265984e-02 5.306112e-03 1.112482e-02 1.740272e-02
