2.487469e-02 2.883065e-02 1.085894e-02 3.391884e-02 8.128665e-03 4.192979e-02 2.852662e-02 9.946011e-03 1.879236e-02 2.544635e-03
3.526890e-02 2.778506e-02 1.155499e-02 3.076065e-02 7.992804e-03 3.305926e-02 3.752332e-02 1.910097e-02 1.652171e-02 3.648806e-03
3.360052e-02 2.382150e-02 1.510308e-02 3.269636e-02 1.117397e-02 2.232928e-02 4.002184e-02 1.819803e-02 1.879293e-02 3.488157e-03
2.521006e-02 2.296592e-02 1.617228e-02 2.965760e-02 9.406657e-03 1.847592e-02 3.033629e-02 2.211863e-02 1.835400e-02 5.360876e-03
3.268968e-02 1.936141e-02 1.229757e-02 2.807380e-02 8.225498e-03 1.748369e-02 2.680488e-02 2.176554e-02 2.370158e-02 5.336121e-03
3.238887e-02 9.643662e-03 9.057276e-03 2.986878e-02 9.832422e-03 3.016788e-02 1.649345e-02 1.928732e-02 2.334062e-02 6.359924e-03
2.626982e-02 1.012792e-02 8.119821e-03 3.212117e-02 9.280008e-03 2.548920e-02 2.261483e-02 2.015961e-02 2.652809e-02 9.750651e-03
2.719149e-02 8.921485e-03 9.915331e-03 2.469420e-02 8.032536e-03 2.451448e-02 2.226422e-02 1.404143e-02 3.138318e-02 9.788868e-03
2.121721e-02 6.076817e-03 1.322459e-02 2.872368e-02 8.265802e-03 2.543294e-02 2.258702e-02 1.141396e-02 2.578140e-02 8.969853e-03
1.488841e-02 1.012783e-02 1.364517e-02 2.256769e-02 1.025153e-02 2.078458e-02 2.456759e-02 1.323954e-02 2.068711e-02 7.926977e-03
