7.266277e-02 4.616118e-02 1.388627e-02 6.539659e-02 1.342118e-02 8.500692e-02 1.146140e-01 1.702030e-02 4.510786e-02 7.444764e-03
7.695749e-02 2.737776e-02 1.372841e-02 4.194443e-02 1.266320e-02 3.632921e-02 4.846110e-02 1.418031e-02 2.341086e-02 6.896849e-03
2.896405e-02 1.497656e-02 1.310859e-02 2.573776e-02 1.380426e-02 1.215463e-02 4.409656e-02 2.327478e-02 2.688039e-02 8.136333e-03
2.627306e-02 1.409494e-02 1.394344e-02 2.254547e-02 1.350536e-02 1.710595e-02 1.633593e-02 2.758969e-02 1.150240e-02 1.253824e-02
3.091378e-02 7.164335e-03 1.185244e-02 8.392550e-03 9.463851e-03 1.430826e-02 1.347926e-02 1.572921e-02 9.095630e-03 1.229963e-02
1.971235e-02 9.874354e-03 1.364440e-02 1.419906e-02 1.044202e-02 1.133282e-02 1.125113e-02 9.397248e-03 6.555918e-03 1.352711e-02
2.602730e-02 5.596344e-03 6.992491e-03 1.324663e-02 4.986790e-03 1.161881e-02 1.383807e-02 1.226706e-02 4.761749e-03 1.388454e-02
1.694900e-02 7.646177e-03 1.076525e-02 1.392507e-02 3.996678e-03 1.180840e-02 1.507357e-02 1.147362e-02 5.011283e-03 1.175476e-02
1.463506e-02 8.475032e-03 9.252566e-03 1.408583e-02 4.360980e-03 7.378434e-03 1.639363e-02 7.879086e-03 4.062633e-03 1.028082e-02
1.805393e-02 9.371071e-03 7.714291e-03 1.620182e-02 8.287793e-03 9.563159e-03 8.638799e-03 9.859056e-03 1.000925e-02 1.001930e-02
