6.989599e-01 8.919127e-01 9.264022e-01 7.165447e-01 9.453189e-01 7.952880e-01 7.324324e-01 8.965194e-01 9.082840e-01 4.922799e-01
8.308042e-01 9.359109e-01 9.486750e-01 8.736921e-01 9.618585e-01 9.152406e-01 8.649919e-01 9.086183e-01 9.565901e-01 4.865929e-01
8.834109e-01 9.376171e-01 9.526391e-01 8.977099e-01 9.739745e-01 9.489071e-01 8.922056e-01 9.121339e-01 9.691739e-01 4.857862e-01
9.058637e-01 9.454172e-01 9.649199e-01 9.026521e-01 9.758321e-01 9.546089e-01 9.069374e-01 9.215407e-01 9.790668e-01 4.876765e-01
9.115073e-01 9.520280e-01 9.563338e-01 9.054226e-01 9.809453e-01 9.595442e-01 9.034662e-01 9.242336e-01 9.847742e-01 4.919842e-01
9.232172e-01 9.582260e-01 9.660578e-01 9.117455e-01 9.822995e-01 9.650146e-01 9.127434e-01 9.369598e-01 9.853755e-01 4.859060e-01
9.181049e-01 9.595900e-01 9.653666e-01 9.180301e-01 9.845440e-01 9.667164e-01 9.292948e-01 9.422901e-01 9.871795e-01 4.924347e-01
9.289428e-01 9.608696e-01 9.668262e-01 9.194872e-01 9.877971e-01 9.715596e-01 9.259740e-01 9.446178e-01 9.885517e-01 4.932489e-01
9.378330e-01 9.657450e-01 9.711948e-01 9.253940e-01 9.878444e-01 9.724138e-01 9.191651e-01 9.457600e-01 9.874116e-01 4.943723e-01
9.318761e-01 9.656693e-01 9.731993e-01 9.222621e-01 9.876872e-01 9.687500e-01 9.315789e-01 9.486043e-01 9.888244e-01 4.918759e-01
