3.769333e-01 7.836196e-01 8.977483e-01 2.891929e-01 9.140449e-01 3.250649e-01 5.025940e-01 8.673049e-01 5.445161e-01 5.063549e-01
3.756131e-01 7.910931e-01 9.085250e-01 2.899582e-01 9.204871e-01 3.262599e-01 5.158940e-01 8.848120e-01 5.531868e-01 5.688725e-01
3.813889e-01 7.972414e-01 9.138313e-01 2.960057e-01 9.271930e-01 3.295393e-01 5.220568e-01 8.921659e-01 5.640449e-01 6.912500e-01
3.896307e-01 7.962025e-01 9.128350e-01 2.997089e-01 9.291916e-01 3.354571e-01 5.455048e-01 9.021978e-01 5.638444e-01 8.227621e-01
3.952035e-01 8.031655e-01 9.225108e-01 3.049180e-01 9.288991e-01 3.430595e-01 5.452617e-01 9.065811e-01 5.571429e-01 8.741514e-01
4.002967e-01 8.060383e-01 9.234860e-01 3.063927e-01 9.381250e-01 3.484058e-01 5.547033e-01 9.118227e-01 5.544365e-01 9.009358e-01
4.054711e-01 8.069173e-01 9.283560e-01 3.099844e-01 9.397764e-01 3.507396e-01 5.636632e-01 9.220168e-01 5.555283e-01 8.968579e-01
4.155763e-01 8.057011e-01 9.265842e-01 3.141946e-01 9.404918e-01 3.513636e-01 5.739788e-01 9.230637e-01 5.566416e-01 8.303922e-01
4.248408e-01 8.097946e-01 9.275753e-01 3.227496e-01 9.404362e-01 3.585404e-01 5.834109e-01 9.271605e-01 5.537084e-01 8.451289e-01
4.341503e-01 8.145867e-01 9.278768e-01 3.288107e-01 9.455326e-01 3.593949e-01 5.922099e-01 9.274864e-01 5.531088e-01 8.798529e-01
