4.863299e-01 7.774069e-01 8.786594e-01 4.385066e-01 9.358209e-01 4.001309e-01 4.378378e-01 8.783133e-01 5.572781e-01 4.892642e-01
5.347496e-01 8.197903e-01 8.905160e-01 4.914798e-01 9.370319e-01 4.832888e-01 5.019449e-01 8.987688e-01 5.853688e-01 4.851169e-01
5.857364e-01 8.437751e-01 8.918688e-01 5.390840e-01 9.499293e-01 5.415301e-01 5.633499e-01 9.032078e-01 6.187423e-01 4.811321e-01
6.240887e-01 8.630643e-01 9.001456e-01 5.708268e-01 9.558611e-01 5.789106e-01 6.005076e-01 9.091298e-01 6.520807e-01 4.758665e-01
6.570502e-01 8.741259e-01 9.064083e-01 6.054226e-01 9.635155e-01 6.039886e-01 6.317158e-01 9.185401e-01 6.739355e-01 4.738502e-01
6.923715e-01 8.848355e-01 9.103501e-01 6.313214e-01 9.652042e-01 6.374636e-01 6.550442e-01 9.228018e-01 6.972332e-01 4.699329e-01
7.111675e-01 8.950220e-01 9.185647e-01 6.575960e-01 9.703246e-01 6.661194e-01 6.773960e-01 9.251908e-01 7.171390e-01 4.686382e-01
7.298094e-01 9.044978e-01 9.212121e-01 6.842735e-01 9.738510e-01 6.840979e-01 6.977737e-01 9.274571e-01 7.408276e-01 4.642757e-01
7.513321e-01 9.084485e-01 9.258592e-01 7.014011e-01 9.737439e-01 7.100313e-01 7.142315e-01 9.308800e-01 7.599717e-01 4.629149e-01
7.726776e-01 9.132283e-01 9.276382e-01 7.265709e-01 9.738769e-01 7.270833e-01 7.267057e-01 9.357964e-01 7.844702e-01 4.571640e-01
