8.326895e-01 9.204108e-01 9.503420e-01 8.689605e-01 9.691995e-01 9.291885e-01 8.786963e-01 8.922356e-01 9.539645e-01 5.271411e-01
8.925645e-01 9.479685e-01 9.767085e-01 9.176383e-01 9.800277e-01 9.624332e-01 9.145867e-01 9.243502e-01 9.782346e-01 5.259533e-01
9.206202e-01 9.572959e-01 9.807418e-01 9.253435e-01 9.859972e-01 9.673497e-01 9.220564e-01 9.337517e-01 9.849568e-01 5.290566e-01
9.337559e-01 9.592339e-01 9.844250e-01 9.305772e-01 9.872648e-01 9.729050e-01 9.309645e-01 9.467903e-01 9.880202e-01 5.296534e-01
9.392220e-01 9.646154e-01 9.822653e-01 9.285486e-01 9.903988e-01 9.754986e-01 9.362218e-01 9.531387e-01 9.929032e-01 5.308804e-01
9.424544e-01 9.738197e-01 9.850837e-01 9.347471e-01 9.925870e-01 9.785714e-01 9.398230e-01 9.567809e-01 9.943347e-01 5.312752e-01
9.424704e-01 9.729136e-01 9.854914e-01 9.332220e-01 9.933539e-01 9.788060e-01 9.439421e-01 9.607634e-01 9.948718e-01 5.302613e-01
9.493934e-01 9.751124e-01 9.862839e-01 9.411966e-01 9.954041e-01 9.830275e-01 9.473098e-01 9.619345e-01 9.950345e-01 5.310830e-01
9.536412e-01 9.784946e-01 9.880524e-01 9.404553e-01 9.964344e-01 9.835423e-01 9.466793e-01 9.664000e-01 9.963225e-01 5.339105e-01
9.562842e-01 9.798425e-01 9.891122e-01 9.454219e-01 9.961730e-01 9.834936e-01 9.489279e-01 9.679803e-01 9.965167e-01 5.347120e-01
