8.349052e-03 1.069605e-02 9.765462e-03 9.442098e-03 1.184781e-02 4.791134e-03 2.136931e-02 2.011213e-02 1.544200e-02 2.755734e-02
4.134602e-03 8.636977e-03 1.497329e-02 7.444355e-03 9.043962e-03 6.106559e-03 1.678779e-02 1.752638e-02 1.154840e-02 3.105500e-02
7.934920e-03 7.529569e-03 1.392843e-02 5.785820e-03 1.114952e-02 3.774631e-03 6.814440e-03 1.570731e-02 1.321837e-02 3.920300e-02
6.960227e-03 5.353830e-03 1.324310e-02 7.958042e-03 8.730253e-03 7.323714e-03 1.807825e-02 1.010214e-02 1.103155e-02 7.320612e-02
9.607327e-03 6.587351e-03 1.341371e-02 1.097583e-02 7.081674e-03 7.019553e-03 9.451295e-03 1.435319e-02 1.196215e-02 3.023652e-02
1.046599e-02 7.394633e-03 8.658405e-03 5.896916e-03 1.224745e-02 7.367110e-03 1.077249e-02 1.250645e-02 8.895557e-03 2.197928e-02
9.461631e-03 1.026970e-02 9.757402e-03 4.734475e-03 1.092937e-02 8.637077e-03 9.869006e-03 1.055484e-02 1.378770e-02 3.646415e-02
1.181749e-02 1.198387e-02 1.062421e-02 5.881687e-03 1.085068e-02 5.268284e-03 1.339884e-02 1.107584e-02 1.705182e-02 5.080946e-02
9.784899e-03 1.415115e-02 9.510037e-03 7.088841e-03 1.034978e-02 1.769710e-02 9.041565e-03 1.055405e-02 1.514144e-02 1.870656e-02
1.064101e-02 1.392710e-02 1.132784e-02 7.417618e-03 9.475131e-03 1.087126e-02 1.170979e-02 1.046484e-02 9.710707e-03 1.883329e-02
