4.737245e-02 1.680614e-02 2.699518e-02 2.444920e-02 2.255029e-02 1.907091e-02 7.559965e-02 2.071509e-02 1.947060e-02 2.472123e-03
3.520878e-02 1.191219e-02 6.513414e-03 1.478914e-02 6.115231e-03 1.011901e-02 1.912274e-02 1.807662e-02 1.023178e-02 8.050710e-03
1.429050e-02 1.247855e-02 5.385046e-03 1.733278e-02 6.082037e-03 9.091630e-03 2.001075e-02 1.296771e-02 9.223972e-03 1.152849e-03
1.631329e-02 1.494555e-02 4.651105e-03 5.930289e-03 6.529965e-03 7.044425e-03 1.077610e-02 1.554922e-02 6.460877e-03 1.176528e-03
1.232726e-02 1.078012e-02 6.811562e-03 7.231760e-03 3.692762e-03 6.521666e-03 1.282496e-02 1.177786e-02 3.881706e-03 1.110223e-16
1.592472e-02 4.388515e-03 5.686923e-03 7.686277e-03 2.906108e-03 7.687345e-03 1.312602e-02 9.795336e-03 3.120611e-03 8.053691e-04
1.132535e-02 8.815223e-03 4.734475e-03 9.705804e-03 2.681507e-03 7.336242e-03 1.355636e-02 1.068811e-02 1.790351e-03 6.189821e-03
9.705373e-03 9.486832e-03 4.171195e-03 9.554317e-03 2.694136e-03 7.121181e-03 9.020591e-03 1.447079e-02 1.406626e-03 5.907173e-03
8.118220e-03 6.695697e-03 3.806777e-03 9.782305e-03 2.024311e-03 5.790894e-03 8.505099e-03 8.526664e-03 1.811351e-03 1.110223e-16
8.386786e-03 5.841649e-03 3.612037e-03 1.006668e-02 2.583057e-03 6.491868e-03 6.334533e-03 8.185513e-03 1.480122e-03 1.110223e-16
