6.887582e-02 4.066626e-02 1.659501e-02 6.473106e-02 1.732366e-02 9.849196e-02 1.049743e-01 1.561223e-02 3.781153e-02 7.769931e-03
7.550823e-02 1.495998e-02 1.106657e-02 3.798153e-02 1.225325e-02 2.712422e-02 4.275237e-02 2.353418e-02 1.984288e-02 8.525325e-03
2.435441e-02 1.238847e-02 1.336381e-02 2.603490e-02 1.536722e-02 1.062065e-02 3.737787e-02 2.087396e-02 2.421923e-02 7.308598e-03
2.519959e-02 1.098573e-02 1.252919e-02 1.984654e-02 7.686409e-03 1.147038e-02 1.914333e-02 2.092681e-02 1.164256e-02 1.456247e-02
2.094716e-02 1.037325e-02 1.165973e-02 1.853171e-02 9.514436e-03 1.166353e-02 2.889711e-02 2.401848e-02 7.585517e-03 9.107870e-03
2.313477e-02 1.167158e-02 8.691806e-03 1.291632e-02 8.287653e-03 8.818941e-03 2.709815e-02 2.126557e-02 7.203129e-03 1.472845e-02
1.275674e-02 9.804199e-03 1.158655e-02 2.026095e-02 9.577702e-03 1.161976e-02 1.272136e-02 1.550652e-02 4.059813e-03 1.208577e-02
1.789381e-02 1.314647e-02 5.607144e-03 1.331689e-02 5.492147e-03 1.381573e-02 1.054254e-02 1.804892e-02 4.819698e-03 8.896408e-03
1.007905e-02 1.149613e-02 5.487088e-03 1.392707e-02 6.370582e-03 1.218545e-02 8.536791e-03 1.270867e-02 5.195012e-03 9.748540e-03
1.734154e-02 1.115334e-02 6.085729e-03 1.556978e-02 5.528535e-03 1.169433e-02 1.029454e-02 1.751753e-02 7.681346e-03 9.033315e-03
