2.653083e-02 3.308454e-02 8.071135e-03 2.217805e-02 7.936135e-03 3.983898e-02 2.485624e-02 1.333927e-02 1.980579e-02 2.301421e-03
3.168675e-02 2.497231e-02 1.172295e-02 2.853246e-02 1.225246e-02 3.275401e-02 2.805388e-02 1.071931e-02 1.777509e-02 3.657089e-03
3.407186e-02 3.280769e-02 1.269214e-02 2.382315e-02 9.700949e-03 2.528762e-02 3.275909e-02 1.152127e-02 1.534931e-02 4.976111e-03
3.135154e-02 2.734233e-02 1.311983e-02 2.917317e-02 1.207765e-02 2.018386e-02 1.954956e-02 1.350393e-02 1.916149e-02 5.742303e-03
3.381265e-02 1.901275e-02 9.745325e-03 2.681324e-02 1.350643e-02 2.310153e-02 1.624408e-02 1.234936e-02 1.823925e-02 7.297474e-03
2.502168e-02 1.632720e-02 1.345031e-02 3.275667e-02 1.391502e-02 2.112496e-02 2.058659e-02 9.722508e-03 2.184706e-02 8.240561e-03
2.265133e-02 1.787257e-02 1.193830e-02 3.536278e-02 8.599955e-03 2.055208e-02 1.856853e-02 8.690229e-03 2.079499e-02 9.727338e-03
2.659564e-02 1.556696e-02 1.300012e-02 2.837864e-02 7.900123e-03 2.607650e-02 2.529527e-02 9.392819e-03 2.282707e-02 8.634625e-03
2.172488e-02 1.421534e-02 1.309431e-02 3.305532e-02 7.900199e-03 2.713908e-02 2.422905e-02 1.008888e-02 2.673267e-02 9.391711e-03
2.008274e-02 1.459478e-02 1.162436e-02 2.779056e-02 9.145362e-03 2.530885e-02 2.210220e-02 7.958372e-03 3.260438e-02 7.333643e-03
