3.820000e-01 7.957728e-01 9.021192e-01 3.062927e-01 9.185393e-01 3.381818e-01 5.063554e-01 8.583211e-01 5.447312e-01 5.141487e-01
3.882834e-01 8.116059e-01 9.170501e-01 3.046025e-01 9.259312e-01 3.371353e-01 5.341722e-01 8.757895e-01 5.672527e-01 5.726716e-01
3.937500e-01 8.224828e-01 9.225450e-01 2.994294e-01 9.345029e-01 3.398374e-01 5.343708e-01 8.811060e-01 5.741573e-01 6.802500e-01
4.002841e-01 8.199719e-01 9.267983e-01 3.123726e-01 9.288922e-01 3.432133e-01 5.481328e-01 8.860283e-01 5.702517e-01 8.263427e-01
4.034884e-01 8.241727e-01 9.333333e-01 3.116244e-01 9.344037e-01 3.487252e-01 5.520509e-01 8.926164e-01 5.695550e-01 8.759791e-01
4.071217e-01 8.254786e-01 9.342688e-01 3.229833e-01 9.385937e-01 3.585507e-01 5.639653e-01 8.940887e-01 5.685851e-01 9.001337e-01
4.197568e-01 8.192481e-01 9.395173e-01 3.266771e-01 9.450479e-01 3.588757e-01 5.632201e-01 9.047059e-01 5.673219e-01 8.745902e-01
4.260125e-01 8.278891e-01 9.397218e-01 3.347687e-01 9.459016e-01 3.621212e-01 5.720121e-01 9.135972e-01 5.576441e-01 8.403361e-01
4.323248e-01 8.327014e-01 9.434231e-01 3.541735e-01 9.478188e-01 3.683230e-01 5.795349e-01 9.197531e-01 5.570332e-01 8.434097e-01
4.400327e-01 8.317666e-01 9.458671e-01 3.489112e-01 9.451890e-01 3.638535e-01 5.772655e-01 9.173599e-01 5.676166e-01 8.875000e-01
