5.026746e-01 7.872914e-01 8.801642e-01 4.493411e-01 9.347354e-01 4.367801e-01 4.340223e-01 8.728246e-01 5.665089e-01 4.843185e-01
5.561457e-01 8.313237e-01 8.949791e-01 5.167414e-01 9.395284e-01 5.216578e-01 4.935170e-01 8.932969e-01 6.101572e-01 4.794588e-01
6.141085e-01 8.613119e-01 9.032810e-01 5.683969e-01 9.495050e-01 5.882514e-01 5.628524e-01 9.019526e-01 6.485820e-01 4.730818e-01
6.557845e-01 8.792066e-01 9.091703e-01 6.174727e-01 9.544139e-01 6.215084e-01 6.076142e-01 9.134094e-01 6.750315e-01 4.668806e-01
6.910859e-01 8.889510e-01 9.168405e-01 6.570973e-01 9.610044e-01 6.541311e-01 6.358752e-01 9.211679e-01 7.083871e-01 4.626807e-01
7.240464e-01 8.988555e-01 9.210046e-01 6.926591e-01 9.645991e-01 6.865889e-01 6.663717e-01 9.257824e-01 7.258235e-01 4.571812e-01
7.475465e-01 9.093704e-01 9.262090e-01 7.063439e-01 9.698609e-01 7.171642e-01 6.891501e-01 9.271756e-01 7.460189e-01 4.529574e-01
7.577123e-01 9.172414e-01 9.290271e-01 7.266667e-01 9.762282e-01 7.399083e-01 7.120594e-01 9.354134e-01 7.645517e-01 4.465541e-01
7.815275e-01 9.207373e-01 9.327332e-01 7.406305e-01 9.763371e-01 7.572100e-01 7.237192e-01 9.388800e-01 7.878359e-01 4.404040e-01
7.989071e-01 9.272441e-01 9.326633e-01 7.515260e-01 9.770383e-01 7.745192e-01 7.304094e-01 9.426929e-01 8.049347e-01 4.366322e-01
