2.548670e-02 2.867591e-02 1.079238e-02 3.389988e-02 8.128665e-03 4.130012e-02 2.760076e-02 9.946011e-03 1.871208e-02 2.544635e-03
3.455159e-02 2.834114e-02 1.158609e-02 3.129068e-02 8.020434e-03 3.376191e-02 3.808062e-02 1.892577e-02 1.652835e-02 3.426418e-03
3.157200e-02 2.365504e-02 1.558516e-02 3.201050e-02 1.117397e-02 2.389110e-02 4.040585e-02 1.858722e-02 1.938668e-02 3.488157e-03
2.742916e-02 2.316753e-02 1.617228e-02 2.899199e-02 9.406657e-03 1.927172e-02 3.137779e-02 2.203567e-02 1.839598e-02 5.417445e-03
3.251363e-02 1.893233e-02 1.232192e-02 3.001627e-02 8.095828e-03 1.760628e-02 2.416979e-02 2.179049e-02 2.468532e-02 5.303663e-03
3.157190e-02 9.555181e-03 9.041916e-03 2.955529e-02 9.596824e-03 2.869166e-02 1.779179e-02 1.926831e-02 2.256352e-02 6.186158e-03
2.533329e-02 1.023739e-02 8.077749e-03 3.276929e-02 9.280008e-03 2.501281e-02 2.256344e-02 2.019715e-02 2.677920e-02 9.510973e-03
2.559834e-02 8.940361e-03 1.001742e-02 2.530203e-02 7.698864e-03 2.410331e-02 2.253697e-02 1.409592e-02 3.119224e-02 1.000968e-02
2.212776e-02 5.957210e-03 1.344555e-02 2.739504e-02 7.913488e-03 2.409362e-02 2.333580e-02 1.128652e-02 2.679957e-02 9.053037e-03
1.413742e-02 1.039370e-02 1.413005e-02 2.178501e-02 1.025153e-02 2.079694e-02 2.355450e-02 1.326802e-02 2.127347e-02 7.765695e-03
