1.174923e-02 1.460531e-02 1.521104e-02 6.797405e-03 7.216423e-03 1.306728e-02 1.306322e-02 1.732349e-02 2.228791e-02 2.601007e-02
1.086507e-02 1.085007e-02 9.721258e-03 1.338040e-02 1.064519e-02 1.083644e-02 2.267997e-02 1.690910e-02 1.298192e-02 3.184412e-02
1.088751e-02 9.315197e-03 1.240194e-02 5.999926e-03 5.616776e-03 1.092111e-02 1.521891e-02 1.636071e-02 1.181646e-02 2.025463e-02
8.494271e-03 1.039266e-02 1.153545e-02 1.166665e-02 8.040748e-03 1.410840e-02 2.098572e-02 1.210319e-02 1.757103e-02 7.377708e-02
9.446556e-03 9.140938e-03 1.130341e-02 1.540799e-02 1.132841e-02 1.451133e-02 1.241235e-02 1.617050e-02 1.961629e-02 3.029171e-02
1.238139e-02 7.009133e-03 1.259010e-02 1.845161e-02 1.066742e-02 1.399433e-02 1.023412e-02 2.556783e-02 1.444633e-02 2.238696e-02
9.937862e-03 1.108710e-02 1.205599e-02 1.292500e-02 1.020866e-02 1.216620e-02 8.512277e-03 1.527564e-02 1.352245e-02 6.136846e-02
1.349399e-02 1.604316e-02 9.992723e-03 1.736094e-02 1.182148e-02 8.782653e-03 1.051301e-02 1.226266e-02 1.034878e-02 4.365616e-02
1.303886e-02 1.199904e-02 5.846550e-03 2.422259e-02 1.121654e-02 1.208390e-02 1.934943e-02 1.232677e-02 9.417879e-03 2.139473e-02
9.359479e-03 1.542350e-02 7.255439e-03 1.723015e-02 9.973039e-03 9.899542e-03 1.060426e-02 5.778136e-03 1.045618e-02 1.752717e-02
