3.777333e-01 7.955086e-01 9.017219e-01 3.021888e-01 9.162921e-01 3.377922e-01 5.099870e-01 8.543446e-01 5.503226e-01 5.142686e-01
3.897820e-01 8.105263e-01 9.189445e-01 3.032078e-01 9.247851e-01 3.335544e-01 5.271523e-01 8.760902e-01 5.659341e-01 5.763480e-01
3.895833e-01 8.175172e-01 9.228216e-01 3.002853e-01 9.328947e-01 3.359079e-01 5.294993e-01 8.850998e-01 5.701124e-01 6.942500e-01
3.998580e-01 8.180028e-01 9.277856e-01 3.049491e-01 9.356287e-01 3.396122e-01 5.473029e-01 8.880691e-01 5.713959e-01 8.111253e-01
4.023256e-01 8.234532e-01 9.317460e-01 3.113264e-01 9.347095e-01 3.464589e-01 5.567185e-01 8.963082e-01 5.714286e-01 8.724543e-01
4.060831e-01 8.231222e-01 9.376662e-01 3.222222e-01 9.384375e-01 3.560870e-01 5.616498e-01 8.972085e-01 5.702638e-01 9.034759e-01
4.208207e-01 8.181955e-01 9.369532e-01 3.237129e-01 9.421725e-01 3.531065e-01 5.655835e-01 9.110924e-01 5.641278e-01 8.877049e-01
4.253894e-01 8.228043e-01 9.372488e-01 3.368421e-01 9.472131e-01 3.660606e-01 5.695915e-01 9.123924e-01 5.616541e-01 8.299720e-01
4.326433e-01 8.270142e-01 9.421553e-01 3.356792e-01 9.456376e-01 3.686335e-01 5.753488e-01 9.130511e-01 5.621483e-01 8.438395e-01
4.434641e-01 8.296596e-01 9.470016e-01 3.541039e-01 9.463918e-01 3.638535e-01 5.786963e-01 9.224231e-01 5.639896e-01 8.870588e-01
