8.436850e-01 9.301669e-01 9.529412e-01 8.672035e-01 9.685210e-01 9.332461e-01 8.952305e-01 9.034806e-01 9.640237e-01 5.283474e-01
8.952959e-01 9.513761e-01 9.785216e-01 9.170404e-01 9.830791e-01 9.641711e-01 9.259319e-01 9.281806e-01 9.787183e-01 5.289053e-01
9.257364e-01 9.591700e-01 9.828816e-01 9.251908e-01 9.893918e-01 9.683060e-01 9.275290e-01 9.362622e-01 9.849568e-01 5.295597e-01
9.492868e-01 9.731874e-01 9.866084e-01 9.502340e-01 9.868307e-01 9.814246e-01 9.549915e-01 9.613409e-01 9.895334e-01 5.296534e-01
9.591572e-01 9.780420e-01 9.883756e-01 9.505582e-01 9.926145e-01 9.841880e-01 9.649913e-01 9.662774e-01 9.932903e-01 5.308804e-01
9.711443e-01 9.839771e-01 9.893455e-01 9.553018e-01 9.919818e-01 9.857143e-01 9.684956e-01 9.742176e-01 9.957839e-01 5.312752e-01
9.729272e-01 9.836018e-01 9.912637e-01 9.557596e-01 9.942813e-01 9.871642e-01 9.725136e-01 9.754198e-01 9.954116e-01 5.290234e-01
9.788562e-01 9.871064e-01 9.917065e-01 9.620513e-01 9.954041e-01 9.918960e-01 9.747681e-01 9.794072e-01 9.961379e-01 5.312236e-01
9.815275e-01 9.895545e-01 9.923077e-01 9.677758e-01 9.954619e-01 9.915361e-01 9.774194e-01 9.824000e-01 9.971711e-01 5.329004e-01
9.819672e-01 9.916535e-01 9.929648e-01 9.687612e-01 9.961730e-01 9.913462e-01 9.805068e-01 9.840722e-01 9.973875e-01 5.345643e-01
