5.084695e-01 7.878049e-01 8.778386e-01 4.519766e-01 9.352782e-01 4.325916e-01 4.445151e-01 8.749665e-01 5.642604e-01 4.867310e-01
5.678300e-01 8.276540e-01 8.941423e-01 5.246637e-01 9.382802e-01 5.125668e-01 4.990276e-01 8.935705e-01 6.091898e-01 4.814268e-01
6.200000e-01 8.574297e-01 9.045649e-01 5.717557e-01 9.485149e-01 5.790984e-01 5.781095e-01 9.022315e-01 6.442663e-01 4.762264e-01
6.624406e-01 8.757866e-01 9.094614e-01 6.205928e-01 9.529667e-01 6.181564e-01 6.179357e-01 9.118402e-01 6.709962e-01 4.694480e-01
7.004862e-01 8.855944e-01 9.152012e-01 6.582137e-01 9.612999e-01 6.487179e-01 6.500867e-01 9.210219e-01 6.922581e-01 4.667543e-01
7.398010e-01 8.952790e-01 9.199391e-01 6.876020e-01 9.645991e-01 6.775510e-01 6.748673e-01 9.248882e-01 7.129117e-01 4.618792e-01
7.602369e-01 9.046852e-01 9.238690e-01 7.096828e-01 9.697063e-01 7.085075e-01 7.019892e-01 9.264122e-01 7.321188e-01 4.594223e-01
7.731369e-01 9.124438e-01 9.272727e-01 7.273504e-01 9.759113e-01 7.334862e-01 7.256030e-01 9.369735e-01 7.502069e-01 4.545710e-01
7.904085e-01 9.187404e-01 9.294599e-01 7.401051e-01 9.761750e-01 7.460815e-01 7.358634e-01 9.414400e-01 7.695898e-01 4.500722e-01
8.100182e-01 9.250394e-01 9.309883e-01 7.513465e-01 9.763727e-01 7.660256e-01 7.471735e-01 9.440066e-01 7.907112e-01 4.444609e-01
