6.893016e-01 8.804878e-01 9.284542e-01 6.982430e-01 9.442334e-01 7.803665e-01 7.117647e-01 8.973226e-01 8.942012e-01 4.917973e-01
8.380880e-01 9.294889e-01 9.490934e-01 8.620329e-01 9.603329e-01 9.097594e-01 8.536467e-01 9.220246e-01 9.569528e-01 4.848708e-01
9.072868e-01 9.445783e-01 9.556348e-01 9.189313e-01 9.690240e-01 9.564208e-01 9.137645e-01 9.182706e-01 9.688039e-01 4.885535e-01
9.185420e-01 9.570451e-01 9.615721e-01 9.224649e-01 9.759768e-01 9.622905e-01 9.248731e-01 9.362340e-01 9.812106e-01 4.870347e-01
9.332253e-01 9.639161e-01 9.625931e-01 9.317384e-01 9.815362e-01 9.679487e-01 9.412478e-01 9.525547e-01 9.842581e-01 4.910644e-01
9.533997e-01 9.660944e-01 9.678843e-01 9.360522e-01 9.803328e-01 9.699708e-01 9.515044e-01 9.588674e-01 9.873518e-01 4.880537e-01
9.529611e-01 9.717423e-01 9.741030e-01 9.422371e-01 9.877898e-01 9.741791e-01 9.598553e-01 9.554198e-01 9.886640e-01 4.920220e-01
9.584055e-01 9.745127e-01 9.752791e-01 9.488889e-01 9.896989e-01 9.782875e-01 9.589981e-01 9.677067e-01 9.904828e-01 4.932489e-01
9.616341e-01 9.815668e-01 9.818331e-01 9.479860e-01 9.914100e-01 9.813480e-01 9.629981e-01 9.689600e-01 9.912306e-01 4.935065e-01
9.626594e-01 9.811024e-01 9.780570e-01 9.545781e-01 9.881864e-01 9.778846e-01 9.686160e-01 9.748768e-01 9.918723e-01 4.908419e-01
