3.148392e-02 3.449325e-02 1.010924e-02 3.361794e-02 8.625354e-03 4.596925e-02 3.298418e-02 1.035560e-02 1.467456e-02 1.888115e-03
3.088898e-02 2.887671e-02 1.042672e-02 3.232296e-02 6.179381e-03 3.294960e-02 3.843901e-02 1.945048e-02 2.263996e-02 3.216900e-03
3.384287e-02 2.604256e-02 1.614506e-02 3.084007e-02 1.105065e-02 1.653457e-02 4.674264e-02 1.769071e-02 2.345543e-02 4.179433e-03
2.924778e-02 2.395973e-02 1.596924e-02 2.977063e-02 9.384366e-03 1.761328e-02 2.951932e-02 2.069998e-02 2.126217e-02 5.939787e-03
3.255884e-02 2.029467e-02 1.242335e-02 3.282582e-02 7.754449e-03 2.334792e-02 2.484389e-02 1.923964e-02 2.385701e-02 6.157884e-03
3.039354e-02 1.092900e-02 9.868837e-03 2.999370e-02 8.536603e-03 2.991572e-02 2.515579e-02 2.243602e-02 2.261731e-02 8.370718e-03
2.249914e-02 1.170296e-02 9.118028e-03 3.526807e-02 9.017590e-03 2.251754e-02 2.011708e-02 2.164280e-02 2.489321e-02 1.074312e-02
2.741864e-02 1.032634e-02 9.359745e-03 2.600595e-02 7.949246e-03 2.168937e-02 2.024645e-02 1.336929e-02 2.872445e-02 1.042687e-02
2.025178e-02 6.953284e-03 1.340564e-02 2.956765e-02 8.297521e-03 2.333266e-02 2.357528e-02 1.475474e-02 2.498737e-02 8.148807e-03
1.631330e-02 1.089236e-02 1.473275e-02 3.132584e-02 1.041230e-02 2.052283e-02 2.685605e-02 1.328832e-02 2.129920e-02 8.367509e-03
