7.165429e-02 4.586752e-02 1.348771e-02 7.262861e-02 1.394921e-02 8.495722e-02 1.127724e-01 1.703924e-02 4.548199e-02 8.564536e-03
7.708605e-02 2.786285e-02 1.236888e-02 4.137053e-02 1.289502e-02 3.536722e-02 4.752434e-02 1.527009e-02 2.254547e-02 7.598251e-03
2.514115e-02 1.520693e-02 1.265441e-02 2.680640e-02 1.370535e-02 1.095369e-02 4.470850e-02 2.259414e-02 2.668654e-02 7.252093e-03
2.899076e-02 1.296634e-02 1.397986e-02 2.330767e-02 1.281713e-02 1.954309e-02 1.576785e-02 2.503597e-02 1.191594e-02 1.296725e-02
2.632203e-02 7.629752e-03 1.181866e-02 9.483935e-03 9.039351e-03 1.171647e-02 2.021796e-02 1.286412e-02 1.183726e-02 1.157642e-02
2.103523e-02 7.863179e-03 1.485793e-02 1.718394e-02 1.165982e-02 1.269478e-02 1.203540e-02 8.669472e-03 6.459895e-03 1.266591e-02
2.671935e-02 6.900071e-03 8.231455e-03 1.471011e-02 6.389498e-03 1.040610e-02 1.464180e-02 1.337600e-02 4.524441e-03 1.513130e-02
1.787701e-02 1.119931e-02 1.119272e-02 1.633262e-02 4.024857e-03 9.904670e-03 1.421325e-02 7.801872e-03 4.467348e-03 1.043161e-02
1.577121e-02 1.037293e-02 9.471448e-03 1.593695e-02 5.229260e-03 7.975269e-03 1.129789e-02 1.225228e-02 2.742676e-03 1.032528e-02
2.035270e-02 9.579154e-03 9.635495e-03 1.215136e-02 8.400603e-03 9.338976e-03 7.521942e-03 7.121592e-03 4.411810e-03 8.839211e-03
