3.718750e-02 1.544923e-02 3.248909e-02 2.317814e-02 1.898430e-02 2.152336e-02 4.743677e-02 1.647674e-02 1.402454e-02 1.110223e-16
3.217568e-02 1.272648e-02 5.150958e-03 1.334034e-02 5.540911e-03 1.149733e-02 1.164345e-02 1.809938e-02 9.885820e-03 1.110223e-16
1.563433e-02 8.556092e-03 4.084970e-03 1.420750e-02 3.536068e-03 1.099366e-02 1.618169e-02 1.539297e-02 1.050335e-02 1.110223e-16
1.849521e-02 1.007494e-02 3.432264e-03 1.009711e-02 6.388926e-03 8.427472e-03 7.724340e-03 1.039413e-02 5.351600e-03 1.176528e-03
1.622042e-02 8.011191e-03 4.309041e-03 9.542759e-03 3.557340e-03 8.581365e-03 5.993628e-03 1.024917e-02 5.313874e-03 1.110223e-16
1.087975e-02 8.791011e-03 4.084142e-03 7.043078e-03 4.439153e-03 8.569643e-03 6.120926e-03 7.830882e-03 2.415060e-03 8.053691e-04
1.001029e-02 9.751582e-03 3.432137e-03 9.392042e-03 3.789073e-03 4.729248e-03 6.609644e-03 7.175573e-03 2.192723e-03 9.454107e-03
7.972270e-03 8.079277e-03 3.622908e-03 9.135309e-03 3.846168e-03 3.211009e-03 7.050093e-03 6.537387e-03 2.027164e-03 5.485232e-03
5.793786e-03 8.034837e-03 3.358148e-03 9.788573e-03 3.821662e-03 4.099278e-03 6.865295e-03 7.504665e-03 1.673573e-03 2.240141e-03
7.789947e-03 6.101219e-03 3.878002e-03 1.016228e-02 4.277857e-03 3.737790e-03 5.782611e-03 6.276360e-03 1.812772e-03 4.431315e-04
