8.764575e-03 1.648664e-02 1.459119e-02 1.122168e-02 9.320596e-03 1.389610e-02 1.243784e-02 1.720603e-02 2.054748e-02 2.574143e-02
1.009370e-02 1.093367e-02 9.841071e-03 1.550816e-02 1.121238e-02 5.879088e-03 2.121687e-02 1.430074e-02 1.134585e-02 2.867778e-02
1.228598e-02 9.675840e-03 8.938033e-03 1.019248e-02 7.496166e-03 9.532402e-03 2.204521e-02 1.848176e-02 8.530451e-03 4.177395e-02
1.462792e-02 1.292423e-02 9.308886e-03 1.272717e-02 8.308046e-03 7.271138e-03 2.200909e-02 8.628512e-03 1.653467e-02 6.959636e-02
1.106562e-02 1.133042e-02 1.263018e-02 1.547990e-02 9.767998e-03 8.850141e-03 1.753205e-02 2.012767e-02 1.147302e-02 5.013140e-02
1.194431e-02 8.497421e-03 9.100692e-03 2.121145e-02 1.036916e-02 1.124567e-02 1.009815e-02 2.480725e-02 1.202872e-02 2.190882e-02
1.272337e-02 1.369082e-02 1.074601e-02 1.611100e-02 1.216158e-02 7.157379e-03 7.994127e-03 1.260952e-02 9.140578e-03 5.347379e-02
1.015333e-02 1.792935e-02 7.386586e-03 1.870590e-02 1.345461e-02 1.212500e-02 1.028856e-02 1.213273e-02 1.843256e-02 5.430924e-02
1.112487e-02 1.327860e-02 7.271043e-03 1.988998e-02 1.110936e-02 1.709768e-02 1.408124e-02 1.326977e-02 9.892112e-03 1.733465e-02
8.805355e-03 1.688145e-02 6.839853e-03 1.427623e-02 1.285334e-02 1.172844e-02 1.032775e-02 9.021678e-03 1.675146e-02 1.857604e-02
