4.726597e-01 7.929397e-01 8.718194e-01 3.663250e-01 9.093623e-01 4.200262e-01 4.241653e-01 8.759036e-01 5.439053e-01 4.940893e-01
4.895296e-01 8.137615e-01 8.785216e-01 3.847534e-01 9.181692e-01 4.606952e-01 4.636953e-01 8.889193e-01 5.523579e-01 4.937269e-01
5.089922e-01 8.380187e-01 8.828816e-01 4.085496e-01 9.234795e-01 4.957650e-01 4.925373e-01 8.942817e-01 5.700370e-01 4.924528e-01
5.251981e-01 8.545828e-01 8.864629e-01 4.302652e-01 9.305355e-01 5.083799e-01 5.157360e-01 8.974322e-01 5.910467e-01 4.917843e-01
5.372771e-01 8.655944e-01 8.913562e-01 4.467305e-01 9.400295e-01 5.249288e-01 5.502600e-01 9.023358e-01 6.109677e-01 4.922470e-01
5.543947e-01 8.682403e-01 8.922374e-01 4.569331e-01 9.428139e-01 5.450437e-01 5.755752e-01 9.068554e-01 6.242424e-01 4.900671e-01
5.707276e-01 8.821376e-01 8.968799e-01 4.734558e-01 9.489954e-01 5.604478e-01 6.025316e-01 9.083969e-01 6.354926e-01 4.909216e-01
5.819757e-01 8.845577e-01 8.982456e-01 4.825641e-01 9.522979e-01 5.718654e-01 6.246753e-01 9.093604e-01 6.455172e-01 4.880450e-01
6.005329e-01 8.897081e-01 9.024550e-01 5.033275e-01 9.552674e-01 5.866771e-01 6.419355e-01 9.120000e-01 6.605375e-01 4.870130e-01
6.140255e-01 8.938583e-01 9.016750e-01 5.078995e-01 9.569052e-01 5.926282e-01 6.479532e-01 9.137931e-01 6.724238e-01 4.852290e-01
