8.369985e-01 9.209243e-01 9.465116e-01 8.761347e-01 9.670285e-01 9.282723e-01 8.868045e-01 8.966533e-01 9.105325e-01 5.282268e-01
8.713202e-01 9.381389e-01 9.656904e-01 9.212257e-01 9.766990e-01 9.338235e-01 9.139384e-01 9.009576e-01 9.718259e-01 5.289053e-01
8.896124e-01 9.479250e-01 9.707561e-01 9.381679e-01 9.782178e-01 9.297814e-01 9.177446e-01 9.111576e-01 9.758323e-01 5.295597e-01
9.006339e-01 9.558140e-01 9.735080e-01 9.307332e-01 9.795948e-01 9.432961e-01 9.164129e-01 9.205421e-01 9.808323e-01 5.297818e-01
9.063209e-01 9.573427e-01 9.748137e-01 9.352472e-01 9.846381e-01 9.455840e-01 9.259965e-01 9.264234e-01 9.851613e-01 5.308804e-01
9.160862e-01 9.589413e-01 9.744292e-01 9.407830e-01 9.832073e-01 9.437318e-01 9.320354e-01 9.274218e-01 9.860343e-01 5.315436e-01
9.093063e-01 9.595900e-01 9.765991e-01 9.442404e-01 9.857805e-01 9.491045e-01 9.349005e-01 9.273282e-01 9.859649e-01 5.323246e-01
9.178510e-01 9.608696e-01 9.770335e-01 9.456410e-01 9.890650e-01 9.522936e-01 9.333952e-01 9.293292e-01 9.880000e-01 5.330520e-01
9.181172e-01 9.619048e-01 9.772504e-01 9.444834e-01 9.883306e-01 9.536050e-01 9.381404e-01 9.273600e-01 9.884017e-01 5.339105e-01
9.202186e-01 9.629921e-01 9.793970e-01 9.475763e-01 9.878536e-01 9.551282e-01 9.374269e-01 9.295567e-01 9.898403e-01 5.347120e-01
