3.502667e-01 7.939234e-01 8.809272e-01 2.848153e-01 9.043539e-01 3.292208e-01 4.897536e-01 9.113402e-01 5.247312e-01 5.224221e-01
3.542234e-01 7.968961e-01 9.081191e-01 2.856346e-01 9.113181e-01 3.344828e-01 5.049007e-01 9.168421e-01 5.410989e-01 5.500000e-01
3.579167e-01 8.034483e-01 9.130014e-01 2.887304e-01 9.141813e-01 3.363144e-01 5.151556e-01 9.204301e-01 5.485393e-01 7.130000e-01
3.717330e-01 8.029536e-01 9.128350e-01 2.892285e-01 9.169162e-01 3.405817e-01 5.275242e-01 9.266876e-01 5.526316e-01 8.127877e-01
3.789244e-01 8.046043e-01 9.203463e-01 2.934426e-01 9.218654e-01 3.468839e-01 5.386139e-01 9.284109e-01 5.566745e-01 8.821149e-01
3.853116e-01 8.070692e-01 9.211226e-01 2.951294e-01 9.248437e-01 3.531884e-01 5.489146e-01 9.325123e-01 5.551559e-01 8.979947e-01
3.919453e-01 8.054135e-01 9.227753e-01 2.989080e-01 9.279553e-01 3.556213e-01 5.558346e-01 9.339496e-01 5.560197e-01 8.829235e-01
3.984424e-01 8.090909e-01 9.224111e-01 3.039872e-01 9.286885e-01 3.578788e-01 5.688351e-01 9.352840e-01 5.526316e-01 8.245098e-01
4.042994e-01 8.143760e-01 9.244057e-01 3.073650e-01 9.302013e-01 3.611801e-01 5.806202e-01 9.359788e-01 5.526854e-01 8.296562e-01
4.117647e-01 8.189627e-01 9.272285e-01 3.172529e-01 9.314433e-01 3.679936e-01 5.868045e-01 9.365280e-01 5.556995e-01 8.588235e-01
