7.531947e-01 8.898588e-01 9.317373e-01 7.749634e-01 9.396201e-01 8.263089e-01 7.786963e-01 8.785810e-01 9.153846e-01 4.942099e-01
8.116844e-01 9.162516e-01 9.311018e-01 8.852018e-01 9.515950e-01 8.945187e-01 8.737439e-01 8.763338e-01 9.428053e-01 4.933579e-01
8.505426e-01 9.215529e-01 9.373752e-01 9.100763e-01 9.551627e-01 8.960383e-01 8.613599e-01 8.796374e-01 9.514180e-01 4.905660e-01
8.657686e-01 9.340629e-01 9.481805e-01 9.051482e-01 9.616498e-01 9.231844e-01 8.820643e-01 9.001427e-01 9.610340e-01 4.888318e-01
8.807131e-01 9.370629e-01 9.555887e-01 9.017544e-01 9.663220e-01 9.236467e-01 8.941075e-01 9.093431e-01 9.710968e-01 4.930355e-01
8.875622e-01 9.402003e-01 9.585997e-01 9.127243e-01 9.661120e-01 9.263848e-01 8.987611e-01 9.059613e-01 9.727273e-01 4.907383e-01
8.886633e-01 9.496340e-01 9.620905e-01 9.190317e-01 9.675425e-01 9.271642e-01 9.059675e-01 9.064122e-01 9.777328e-01 4.927098e-01
8.916811e-01 9.463268e-01 9.598086e-01 9.254701e-01 9.736926e-01 9.321101e-01 9.037106e-01 9.098284e-01 9.786207e-01 4.918425e-01
8.916519e-01 9.460829e-01 9.612111e-01 9.266200e-01 9.760130e-01 9.294671e-01 9.005693e-01 9.104000e-01 9.800566e-01 4.933622e-01
9.025501e-01 9.451969e-01 9.661642e-01 9.245961e-01 9.767055e-01 9.379808e-01 9.126706e-01 9.159278e-01 9.857765e-01 4.923191e-01
