1.888242e-02 2.299968e-02 5.805498e-03 1.465300e-02 1.007731e-02 2.986158e-02 1.542704e-02 7.691343e-03 1.605460e-02 2.541774e-03
1.957688e-02 2.891951e-02 8.764445e-03 1.408893e-02 1.143719e-02 2.955846e-02 2.015793e-02 9.193049e-03 1.394296e-02 3.169520e-03
1.122399e-02 2.566653e-02 1.221249e-02 1.779396e-02 1.310847e-02 2.013765e-02 2.169874e-02 9.557513e-03 1.050697e-02 4.473816e-03
1.285925e-02 2.348842e-02 1.175350e-02 9.355173e-03 1.454396e-02 2.603915e-02 1.716907e-02 1.268653e-02 1.478209e-02 6.730540e-03
1.455516e-02 1.592748e-02 1.151405e-02 1.354160e-02 1.549482e-02 2.292739e-02 2.235971e-02 1.211679e-02 1.142865e-02 5.763919e-03
1.305911e-02 1.336611e-02 1.258449e-02 1.159157e-02 1.711337e-02 2.270920e-02 1.871090e-02 1.097684e-02 1.608026e-02 7.264461e-03
1.391291e-02 1.350257e-02 1.123786e-02 1.314949e-02 1.265124e-02 2.192811e-02 1.915111e-02 6.477314e-03 1.128208e-02 1.039311e-02
1.761978e-02 1.419150e-02 1.134060e-02 2.113100e-02 9.143817e-03 2.072979e-02 1.706562e-02 5.333954e-03 7.654862e-03 7.981019e-03
1.870414e-02 1.358036e-02 1.076221e-02 1.984788e-02 8.883105e-03 1.958997e-02 1.992048e-02 6.278853e-03 1.086442e-02 8.735822e-03
1.697902e-02 1.228346e-02 9.854316e-03 1.873436e-02 8.849974e-03 1.619779e-02 1.845583e-02 5.652517e-03 1.621457e-02 8.917849e-03
