6.291259e-02 3.238786e-02 1.305624e-02 5.005972e-02 1.809504e-02 7.595244e-02 9.066409e-02 1.251584e-02 3.685493e-02 4.826598e-03
7.178825e-02 1.780172e-02 2.823501e-02 3.085746e-02 2.124770e-02 3.214928e-02 3.608444e-02 2.512188e-02 1.978827e-02 6.185629e-03
3.902052e-02 1.829845e-02 2.089226e-02 1.686937e-02 2.388707e-02 4.259339e-02 4.363890e-02 2.499628e-02 1.797204e-02 5.568791e-03
3.671816e-02 1.371814e-02 1.323239e-02 2.198305e-02 2.208310e-02 1.703682e-02 3.355249e-02 1.584673e-02 1.279126e-02 9.288859e-03
3.294701e-02 1.794357e-02 1.279935e-02 1.636149e-02 1.317525e-02 1.233983e-02 2.318020e-02 1.724173e-02 1.177238e-02 6.669423e-03
2.285671e-02 1.520496e-02 9.882912e-03 1.708220e-02 1.148578e-02 1.914289e-02 1.944971e-02 1.664153e-02 6.847318e-03 7.854356e-03
2.092673e-02 1.451187e-02 6.908452e-03 1.548633e-02 1.663221e-02 1.989950e-02 1.350803e-02 1.060052e-02 6.072874e-03 9.545723e-03
2.256031e-02 1.109445e-02 9.878062e-03 6.973018e-03 5.980337e-03 1.468527e-02 1.689127e-02 1.282292e-02 5.628195e-03 8.739373e-03
2.280186e-02 1.274962e-02 6.424807e-03 1.472458e-02 4.572686e-03 1.763584e-02 1.539694e-02 7.935742e-03 7.415970e-03 1.006901e-02
1.907357e-02 1.267301e-02 7.019205e-03 1.292140e-02 5.763896e-03 2.127310e-02 2.086408e-02 1.017002e-02 3.937492e-03 8.537871e-03
