3.402026e-02 2.568806e-02 3.745618e-02 2.269352e-02 1.982165e-02 1.487547e-02 3.745919e-02 1.659973e-02 1.365726e-01 3.618818e-04
3.260789e-02 1.274469e-02 9.983559e-03 1.922449e-02 9.803383e-03 2.054870e-02 1.018494e-02 1.543101e-02 1.153557e-02 1.110223e-16
2.281547e-02 1.054849e-02 5.270457e-03 5.640596e-03 9.513534e-03 3.032171e-02 1.529306e-02 1.601235e-02 1.189362e-02 1.110223e-16
2.453144e-02 8.866638e-03 6.064823e-03 1.129726e-02 1.163967e-02 1.191988e-02 2.097320e-02 1.315276e-02 5.989580e-03 1.155327e-03
1.791345e-02 9.654403e-03 6.511491e-03 8.857061e-03 3.569585e-03 1.038617e-02 1.128647e-02 9.074610e-03 3.615207e-03 1.110223e-16
1.184781e-02 1.070670e-02 4.899080e-03 8.319739e-03 4.028299e-03 1.018741e-02 9.765037e-03 8.299050e-03 4.090692e-03 1.110223e-16
1.339178e-02 1.177145e-02 3.345961e-03 8.117026e-03 5.937982e-03 9.163012e-03 1.296452e-02 6.661809e-03 3.681021e-03 1.110223e-16
1.088410e-02 1.136764e-02 3.650885e-03 8.046908e-03 3.575440e-03 7.165367e-03 8.520195e-03 5.627048e-03 2.620690e-03 1.110223e-16
7.124750e-03 7.674345e-03 4.538601e-03 5.485275e-03 2.382000e-03 9.590632e-03 9.495253e-03 6.833330e-03 3.453057e-03 1.110223e-16
8.178486e-03 7.461643e-03 3.896048e-03 7.393630e-03 3.870118e-03 6.836772e-03 9.036512e-03 6.250531e-03 2.248466e-03 1.110223e-16
