6.023657e-03 5.382179e-03 2.079470e-02 3.761348e-03 1.110261e-02 4.277836e-03 6.593134e-03 2.446723e-03 2.553622e-02 9.975126e-03
5.584169e-03 4.059813e-03 1.207974e-02 3.984060e-03 5.103585e-03 5.493983e-03 9.783409e-03 6.016917e-03 1.306907e-02 3.350679e-02
5.728220e-03 6.358307e-03 7.859515e-03 6.727433e-03 8.062173e-03 6.632649e-03 6.927700e-03 7.263650e-03 9.504848e-03 4.062481e-02
9.228583e-03 4.240454e-03 1.086678e-02 6.211525e-03 5.845995e-03 5.923381e-03 8.553043e-03 8.628512e-03 9.775748e-03 8.218080e-02
8.197726e-03 5.639113e-03 6.349206e-03 7.375167e-03 2.937213e-03 5.163662e-03 7.895494e-03 8.529907e-03 9.311895e-03 1.759305e-02
6.536614e-03 5.665798e-03 4.538343e-03 5.833719e-03 6.826891e-03 4.852368e-03 7.061576e-03 6.945250e-03 8.859930e-03 1.788698e-02
7.302744e-03 7.848414e-03 5.675683e-03 6.948848e-03 5.124286e-03 5.736899e-03 7.054626e-03 7.289159e-03 1.025191e-02 3.791839e-02
7.131167e-03 7.748716e-03 6.800618e-03 7.655502e-03 5.039484e-03 4.684735e-03 1.041568e-02 8.883641e-03 9.053831e-03 5.088893e-02
9.159858e-03 8.155393e-03 7.159656e-03 8.868227e-03 3.614205e-03 2.880006e-03 1.658625e-02 8.122454e-03 1.117445e-02 2.359725e-02
1.224945e-02 9.112281e-03 8.214798e-03 1.049277e-02 5.403500e-03 3.448473e-03 9.914443e-03 9.515604e-03 9.067358e-03 1.809481e-02
