8.319465e-01 9.284981e-01 9.507524e-01 8.720351e-01 9.696065e-01 9.244764e-01 8.866455e-01 8.970549e-01 9.525444e-01 5.272618e-01
9.036419e-01 9.536042e-01 9.786611e-01 9.276532e-01 9.811373e-01 9.648396e-01 9.320908e-01 9.347469e-01 9.799274e-01 5.260763e-01
9.375194e-01 9.658635e-01 9.851641e-01 9.451908e-01 9.852900e-01 9.763661e-01 9.492537e-01 9.497908e-01 9.853268e-01 5.290566e-01
9.494453e-01 9.725034e-01 9.868996e-01 9.497660e-01 9.868307e-01 9.818436e-01 9.570220e-01 9.599144e-01 9.896595e-01 5.296534e-01
9.596434e-01 9.772028e-01 9.891207e-01 9.523126e-01 9.926145e-01 9.836182e-01 9.649913e-01 9.665693e-01 9.932903e-01 5.308804e-01
9.714760e-01 9.835479e-01 9.882801e-01 9.557912e-01 9.931921e-01 9.852770e-01 9.695575e-01 9.745156e-01 9.956522e-01 5.312752e-01
9.724196e-01 9.856515e-01 9.904836e-01 9.575960e-01 9.944359e-01 9.871642e-01 9.723327e-01 9.764885e-01 9.954116e-01 5.290234e-01
9.788562e-01 9.869565e-01 9.923445e-01 9.625641e-01 9.955626e-01 9.908257e-01 9.738404e-01 9.781591e-01 9.961379e-01 5.309423e-01
9.808171e-01 9.906298e-01 9.919804e-01 9.707531e-01 9.965964e-01 9.934169e-01 9.785579e-01 9.846400e-01 9.967468e-01 5.339105e-01
9.817851e-01 9.911811e-01 9.938023e-01 9.700180e-01 9.968386e-01 9.916667e-01 9.808967e-01 9.863711e-01 9.972424e-01 5.347120e-01
