5.353907e-02 2.079470e-02 3.109280e-02 3.022070e-02 2.088142e-02 2.598786e-02 6.592716e-02 2.078591e-02 1.814514e-02 2.498470e-03
3.686031e-02 1.670406e-02 6.543210e-03 1.320482e-02 7.158662e-03 1.177761e-02 1.543457e-02 1.612893e-02 1.048863e-02 8.085401e-03
1.451166e-02 1.037375e-02 4.429151e-03 1.229837e-02 1.035917e-02 6.291573e-03 9.872555e-03 1.207846e-02 1.027875e-02 1.152849e-03
1.979968e-02 1.055127e-02 3.905796e-03 8.510566e-03 6.677437e-03 8.379888e-03 8.991763e-03 1.273456e-02 5.284320e-03 1.176528e-03
1.592047e-02 9.424747e-03 3.945813e-03 7.696924e-03 2.879407e-03 8.481468e-03 6.239168e-03 9.033418e-03 5.313874e-03 1.110223e-16
1.010929e-02 7.522642e-03 5.656287e-03 9.935002e-03 4.184362e-03 7.530957e-03 5.356724e-03 5.594135e-03 2.432962e-03 8.053691e-04
1.048660e-02 9.551688e-03 3.155031e-03 1.245279e-02 4.158771e-03 5.430867e-03 6.161564e-03 6.626728e-03 2.019788e-03 9.903714e-03
6.428852e-03 7.675518e-03 2.743963e-03 9.059829e-03 3.736870e-03 4.215305e-03 9.797956e-03 7.862467e-03 1.722758e-03 6.329114e-03
6.870011e-03 5.599916e-03 3.309942e-03 9.720973e-03 3.999664e-03 2.873088e-03 8.141722e-03 6.944811e-03 1.272984e-03 1.110223e-16
8.426254e-03 5.184906e-03 3.182580e-03 9.835078e-03 2.924858e-03 3.778790e-03 5.499702e-03 6.929704e-03 1.648449e-03 1.110223e-16
