2.556239e-02 2.867591e-02 1.079238e-02 3.411891e-02 8.128665e-03 4.096587e-02 2.745799e-02 9.990058e-03 1.878789e-02 2.544635e-03
3.456358e-02 2.802267e-02 1.155499e-02 3.220836e-02 8.020434e-03 3.345480e-02 3.792822e-02 1.892577e-02 1.660645e-02 3.426418e-03
3.275283e-02 2.365504e-02 1.558516e-02 3.210321e-02 1.117397e-02 2.385201e-02 4.091349e-02 1.858722e-02 1.912970e-02 3.488157e-03
2.714614e-02 2.321393e-02 1.617228e-02 2.853209e-02 9.406657e-03 1.948111e-02 3.160281e-02 2.203567e-02 1.813260e-02 5.360876e-03
3.285919e-02 1.927078e-02 1.232192e-02 3.049590e-02 7.988666e-03 1.759476e-02 2.419463e-02 2.179049e-02 2.467183e-02 5.282458e-03
3.206115e-02 9.555181e-03 9.041916e-03 3.040960e-02 9.596824e-03 2.883535e-02 1.741453e-02 1.926831e-02 2.275161e-02 6.186158e-03
2.521094e-02 1.035295e-02 8.077749e-03 3.209904e-02 9.280008e-03 2.460832e-02 2.318882e-02 2.019715e-02 2.681318e-02 9.510973e-03
2.520100e-02 9.169972e-03 9.888357e-03 2.617172e-02 7.698864e-03 2.380808e-02 2.289533e-02 1.383187e-02 3.121023e-02 1.002548e-02
2.264984e-02 5.957210e-03 1.344555e-02 2.650508e-02 7.913488e-03 2.492902e-02 2.288161e-02 1.128652e-02 2.680703e-02 9.218284e-03
1.484378e-02 1.048871e-02 1.413005e-02 2.188612e-02 1.002349e-02 2.144145e-02 2.301599e-02 1.336016e-02 2.144949e-02 7.765695e-03
