5.056464e-01 7.853659e-01 8.815321e-01 4.588580e-01 9.364993e-01 4.158377e-01 4.395866e-01 8.729585e-01 5.636686e-01 4.870929e-01
5.619120e-01 8.287025e-01 8.990237e-01 5.310912e-01 9.392510e-01 4.860963e-01 5.053485e-01 8.935705e-01 6.048368e-01 4.826568e-01
6.201550e-01 8.564926e-01 9.057061e-01 5.894656e-01 9.499293e-01 5.602459e-01 5.855721e-01 9.004184e-01 6.384710e-01 4.778616e-01
6.660856e-01 8.775650e-01 9.131004e-01 6.319813e-01 9.571635e-01 6.062849e-01 6.263959e-01 9.098431e-01 6.675914e-01 4.718870e-01
6.957861e-01 8.848951e-01 9.187779e-01 6.639553e-01 9.615953e-01 6.361823e-01 6.564991e-01 9.175182e-01 6.940645e-01 4.696452e-01
7.429519e-01 8.965665e-01 9.251142e-01 6.885808e-01 9.639939e-01 6.661808e-01 6.837168e-01 9.205663e-01 7.177866e-01 4.640268e-01
7.624365e-01 9.060029e-01 9.299532e-01 7.168614e-01 9.689335e-01 7.029851e-01 7.066908e-01 9.241221e-01 7.338731e-01 4.632737e-01
7.797227e-01 9.142429e-01 9.315789e-01 7.410256e-01 9.755943e-01 7.301223e-01 7.293135e-01 9.321373e-01 7.540690e-01 4.583685e-01
7.898757e-01 9.193548e-01 9.350245e-01 7.539405e-01 9.753647e-01 7.473354e-01 7.434535e-01 9.379200e-01 7.725601e-01 4.523810e-01
8.074681e-01 9.226772e-01 9.336683e-01 7.658887e-01 9.753744e-01 7.641026e-01 7.590643e-01 9.382594e-01 7.896952e-01 4.502216e-01
