3.790667e-01 7.948481e-01 9.043709e-01 3.027360e-01 9.167135e-01 3.311688e-01 5.045396e-01 8.499264e-01 5.587097e-01 5.133094e-01
3.835150e-01 8.098516e-01 9.167794e-01 2.997211e-01 9.257880e-01 3.289125e-01 5.280795e-01 8.759398e-01 5.600000e-01 5.707108e-01
3.893056e-01 8.153103e-01 9.236515e-01 2.968616e-01 9.339181e-01 3.303523e-01 5.343708e-01 8.818740e-01 5.777528e-01 6.983750e-01
3.963068e-01 8.206751e-01 9.282087e-01 3.034934e-01 9.344311e-01 3.337950e-01 5.452282e-01 8.893250e-01 5.739130e-01 8.358056e-01
3.943314e-01 8.217266e-01 9.353535e-01 3.128167e-01 9.392966e-01 3.415014e-01 5.543140e-01 8.959872e-01 5.688525e-01 8.791123e-01
4.062315e-01 8.226804e-01 9.389956e-01 3.140030e-01 9.401563e-01 3.501449e-01 5.641100e-01 9.011494e-01 5.688249e-01 9.045455e-01
4.100304e-01 8.224060e-01 9.387632e-01 3.232449e-01 9.479233e-01 3.510355e-01 5.618907e-01 9.053782e-01 5.660934e-01 8.715847e-01
4.147975e-01 8.214176e-01 9.391036e-01 3.333333e-01 9.470492e-01 3.580303e-01 5.645991e-01 9.129088e-01 5.641604e-01 8.481793e-01
4.227707e-01 8.274882e-01 9.404120e-01 3.396072e-01 9.478188e-01 3.661491e-01 5.776744e-01 9.114638e-01 5.636829e-01 8.448424e-01
4.325163e-01 8.278768e-01 9.465154e-01 3.487437e-01 9.486254e-01 3.581210e-01 5.863275e-01 9.148282e-01 5.699482e-01 8.855882e-01
