6.962853e-01 8.845956e-01 9.285910e-01 7.001464e-01 9.436906e-01 7.880890e-01 7.133545e-01 8.977242e-01 8.998817e-01 4.896261e-01
8.367223e-01 9.326343e-01 9.502092e-01 8.657698e-01 9.610264e-01 9.114973e-01 8.559157e-01 9.143639e-01 9.573156e-01 4.862239e-01
9.006202e-01 9.452477e-01 9.550642e-01 9.119084e-01 9.685997e-01 9.573770e-01 9.102819e-01 9.189679e-01 9.690506e-01 4.885535e-01
9.115689e-01 9.563611e-01 9.593886e-01 9.182527e-01 9.755427e-01 9.631285e-01 9.262267e-01 9.379458e-01 9.820933e-01 4.857510e-01
9.296596e-01 9.611189e-01 9.631893e-01 9.264753e-01 9.807976e-01 9.669516e-01 9.405546e-01 9.413139e-01 9.849032e-01 4.914586e-01
9.432836e-01 9.615165e-01 9.689498e-01 9.360522e-01 9.809380e-01 9.661808e-01 9.477876e-01 9.540984e-01 9.864295e-01 4.879195e-01
9.463621e-01 9.708638e-01 9.722309e-01 9.425710e-01 9.880989e-01 9.747761e-01 9.555154e-01 9.615267e-01 9.886640e-01 4.907840e-01
9.530329e-01 9.703148e-01 9.743222e-01 9.441026e-01 9.893819e-01 9.779817e-01 9.554731e-01 9.569423e-01 9.897931e-01 4.959212e-01
9.545293e-01 9.780338e-01 9.756137e-01 9.534151e-01 9.876823e-01 9.782132e-01 9.557875e-01 9.651200e-01 9.895332e-01 4.936508e-01
9.577413e-01 9.749606e-01 9.830821e-01 9.452424e-01 9.871880e-01 9.820513e-01 9.619883e-01 9.706076e-01 9.924528e-01 4.912851e-01
