8.468053e-01 9.410783e-01 9.552668e-01 8.793558e-01 9.709634e-01 9.335079e-01 9.036566e-01 9.070950e-01 9.616568e-01 5.282268e-01
9.048558e-01 9.545216e-01 9.792190e-01 9.340807e-01 9.840499e-01 9.665775e-01 9.316045e-01 9.365253e-01 9.805320e-01 5.289053e-01
9.355039e-01 9.659973e-01 9.851641e-01 9.464122e-01 9.891089e-01 9.725410e-01 9.492537e-01 9.475593e-01 9.849568e-01 5.295597e-01
9.486529e-01 9.725034e-01 9.882096e-01 9.497660e-01 9.920405e-01 9.819832e-01 9.560068e-01 9.574893e-01 9.896595e-01 5.297818e-01
9.559157e-01 9.781818e-01 9.903130e-01 9.511962e-01 9.924668e-01 9.836182e-01 9.608319e-01 9.656934e-01 9.922581e-01 5.308804e-01
9.663350e-01 9.818312e-01 9.881279e-01 9.572594e-01 9.940998e-01 9.860058e-01 9.635398e-01 9.700447e-01 9.943347e-01 5.315436e-01
9.666667e-01 9.812592e-01 9.904836e-01 9.587646e-01 9.947450e-01 9.868657e-01 9.687161e-01 9.734351e-01 9.950067e-01 5.323246e-01
9.715771e-01 9.865067e-01 9.917065e-01 9.615385e-01 9.965135e-01 9.902141e-01 9.725417e-01 9.753510e-01 9.962759e-01 5.330520e-01
9.751332e-01 9.903226e-01 9.926350e-01 9.651489e-01 9.974068e-01 9.905956e-01 9.734345e-01 9.801600e-01 9.966054e-01 5.339105e-01
9.765027e-01 9.900787e-01 9.914573e-01 9.673250e-01 9.971714e-01 9.908654e-01 9.781676e-01 9.802956e-01 9.968070e-01 5.347120e-01
