3.939947e-02 1.475358e-02 3.270638e-02 2.583015e-02 1.781769e-02 2.380472e-02 4.791259e-02 1.931797e-02 1.426220e-02 3.618818e-04
3.331521e-02 1.692725e-02 5.799337e-03 7.120183e-03 5.272282e-03 9.986550e-03 1.086746e-02 1.372360e-02 9.604500e-03 1.110223e-16
1.626356e-02 1.247496e-02 4.990829e-03 1.159602e-02 4.607213e-03 1.069507e-02 1.137408e-02 1.187053e-02 1.147196e-02 1.110223e-16
1.689415e-02 8.618331e-03 3.472157e-03 6.648136e-03 3.731924e-03 8.754432e-03 1.001029e-02 6.924200e-03 6.523338e-03 1.155327e-03
1.495659e-02 7.164335e-03 5.342309e-03 1.086872e-02 2.330832e-03 8.263336e-03 4.914193e-03 7.704102e-03 4.723356e-03 1.110223e-16
1.487092e-02 1.100830e-02 5.479452e-03 9.018124e-03 1.966717e-03 6.360765e-03 7.176331e-03 9.051735e-03 1.958639e-03 1.110223e-16
1.507822e-02 1.206996e-02 4.326186e-03 7.796524e-03 2.604683e-03 4.103799e-03 6.959089e-03 7.036164e-03 3.196415e-03 1.110223e-16
9.810032e-03 6.569386e-03 2.344009e-03 8.242437e-03 2.632844e-03 3.148511e-03 8.534323e-03 7.039322e-03 1.637840e-03 1.110223e-16
7.236785e-03 6.184584e-03 2.664291e-03 1.080860e-02 2.825866e-03 4.805552e-03 5.817727e-03 7.408536e-03 1.131542e-03 1.110223e-16
9.653916e-03 6.570912e-03 4.764309e-03 1.085545e-02 2.358976e-03 5.365599e-03 5.568365e-03 7.269604e-03 2.660421e-03 1.110223e-16
