9.853144e-03 1.328972e-02 1.326885e-02 1.916210e-02 5.065924e-03 1.100453e-02 2.161781e-02 1.665515e-02 1.625897e-02 2.620089e-02
7.567136e-03 9.221333e-03 9.781348e-03 1.053806e-02 7.493809e-03 5.658018e-03 1.928551e-02 2.327915e-02 1.317949e-02 2.751792e-02
1.173673e-02 6.364288e-03 1.288313e-02 1.242723e-02 6.531669e-03 7.190514e-03 1.160031e-02 1.493179e-02 1.753529e-02 3.098916e-02
1.716342e-02 1.089901e-02 1.071283e-02 8.518704e-03 9.925500e-03 5.744167e-03 1.146911e-02 1.732899e-02 1.855665e-02 6.505471e-02
7.637386e-03 1.060169e-02 1.089060e-02 1.087928e-02 1.083471e-02 7.123111e-03 1.656088e-02 1.481255e-02 1.522969e-02 2.488101e-02
9.587831e-03 1.007949e-02 1.138521e-02 9.284627e-03 1.034205e-02 1.408409e-02 1.527167e-02 1.667779e-02 1.725286e-02 2.000172e-02
1.093380e-02 1.029718e-02 8.321638e-03 1.453121e-02 1.013339e-02 1.072970e-02 1.328081e-02 2.055717e-02 1.875065e-02 6.110086e-02
1.161559e-02 1.394347e-02 1.252218e-02 2.119473e-02 1.257175e-02 1.296407e-02 8.632583e-03 1.888901e-02 1.805381e-02 4.740933e-02
1.047209e-02 1.407334e-02 7.540651e-03 1.462501e-02 7.482921e-03 2.077266e-02 1.723931e-02 1.529010e-02 1.420301e-02 1.724026e-02
1.046390e-02 1.636552e-02 6.682505e-03 2.133033e-02 1.023599e-02 5.536732e-03 1.597438e-02 1.208871e-02 1.613721e-02 1.825900e-02
