7.410436e-02 4.298545e-02 1.296057e-02 7.254400e-02 1.355834e-02 9.061799e-02 1.094766e-01 1.685046e-02 3.922930e-02 7.637716e-03
7.489876e-02 2.782830e-02 1.261491e-02 3.228700e-02 1.271853e-02 3.802906e-02 4.870576e-02 2.517397e-02 2.177247e-02 8.178426e-03
2.603959e-02 1.570835e-02 1.337066e-02 2.522598e-02 1.341545e-02 1.334050e-02 4.310786e-02 2.331653e-02 2.648868e-02 6.801764e-03
3.229077e-02 1.399701e-02 1.352146e-02 2.630175e-02 1.341199e-02 1.968432e-02 1.630347e-02 2.131463e-02 1.213217e-02 1.306852e-02
2.916622e-02 9.786213e-03 1.443451e-02 1.073331e-02 8.984878e-03 1.211748e-02 1.315446e-02 1.693431e-02 1.017720e-02 1.027995e-02
2.899833e-02 1.270673e-02 1.153564e-02 1.088960e-02 1.170292e-02 1.661808e-02 1.103182e-02 1.239381e-02 7.120722e-03 1.338586e-02
2.861562e-02 1.019543e-02 7.243798e-03 1.125362e-02 6.106568e-03 8.991221e-03 1.266339e-02 8.791560e-03 5.302802e-03 1.438450e-02
1.733882e-02 1.187724e-02 9.713167e-03 1.637907e-02 4.703906e-03 1.198527e-02 7.421150e-03 1.220842e-02 3.911020e-03 1.067806e-02
1.662811e-02 1.548415e-02 9.639643e-03 1.478175e-02 7.072099e-03 1.293365e-02 1.060074e-02 1.273584e-02 6.139331e-03 9.689623e-03
2.242435e-02 1.608228e-02 6.013844e-03 1.528143e-02 6.001560e-03 9.283813e-03 9.194913e-03 8.290250e-03 3.990632e-03 8.989734e-03
