2.575385e-02 3.462557e-02 1.111696e-02 4.362121e-02 7.123150e-03 4.470638e-02 3.815746e-02 8.909067e-03 2.506558e-02 1.406744e-03
3.739862e-02 2.582978e-02 1.343843e-02 4.009798e-02 7.986785e-03 2.811431e-02 3.629746e-02 1.527989e-02 2.143236e-02 3.309625e-03
3.587397e-02 2.725669e-02 1.484486e-02 3.210067e-02 1.218708e-02 1.865592e-02 3.677294e-02 1.592892e-02 2.412362e-02 4.918545e-03
2.461321e-02 2.353776e-02 1.813440e-02 3.137588e-02 1.216318e-02 2.153240e-02 2.809818e-02 1.667031e-02 2.602256e-02 6.397913e-03
2.852742e-02 2.214079e-02 1.422058e-02 3.270938e-02 1.097440e-02 2.198722e-02 2.494463e-02 1.625952e-02 3.026322e-02 7.598861e-03
2.718926e-02 1.043565e-02 1.099268e-02 3.379199e-02 1.034513e-02 3.241925e-02 2.456354e-02 1.825314e-02 2.652642e-02 8.532733e-03
2.157875e-02 7.015607e-03 1.341019e-02 3.144774e-02 1.023949e-02 3.227472e-02 2.236474e-02 1.777889e-02 2.230439e-02 1.041766e-02
2.541759e-02 9.711625e-03 1.448549e-02 2.786115e-02 7.770302e-03 3.111348e-02 2.447925e-02 1.285041e-02 2.392259e-02 9.712791e-03
2.229890e-02 6.980380e-03 1.500114e-02 3.012310e-02 8.032098e-03 2.810673e-02 2.283041e-02 1.144420e-02 2.637670e-02 1.000261e-02
1.596381e-02 8.522872e-03 1.481631e-02 2.829799e-02 8.766682e-03 2.001345e-02 1.986392e-02 1.179983e-02 2.176536e-02 8.192275e-03
